MutagenObjectType: PlacedObject
FormKey: 000896:VenpiDebugTools.esm
Base: 030493:Starfield.esm
SourcePackIn: 1A87F9:Starfield.esm
Scale: 1.67
Position: -28.472282, 105.87255, -2.1518717
Rotation: -1.784613, -0.83171546, 6.2436695
