MutagenObjectType: PlacedObject
FormKey: 00089B:VenpiDebugTools.esm
Base: 03049D:Starfield.esm
SourcePackIn: 1A87F9:Starfield.esm
Scale: 1.01
Position: -36.06419, 101.78971, -2.6468737
Rotation: 0.099069886, 0.12449196, 5.2409153
