MutagenObjectType: PlacedObject
FormKey: 000898:VenpiDebugTools.esm
Base: 030493:Starfield.esm
SourcePackIn: 1A87F9:Starfield.esm
Scale: 1.5
Position: -34.915436, 101.03638, -2.4023185
Rotation: -2.0810983, 1.3659631, 5.9099627
