MutagenObjectType: PlacedObject
FormKey: 00089A:VenpiDebugTools.esm
Base: 030499:Starfield.esm
SourcePackIn: 1A87F9:Starfield.esm
Scale: 2.1599998
Position: -14.028063, 108.98963, -2.0653
Rotation: -2.015693, -0.266389, 1.1685083
