MutagenObjectType: PlacedObject
FormKey: 000897:VenpiDebugTools.esm
Base: 03049F:Starfield.esm
SourcePackIn: 1A87F9:Starfield.esm
Scale: 1.01
Position: -26.754904, 107.30766, -2.6468737
Rotation: 0.122824565, 0.03166757, 2.604639
