MutagenObjectType: PlacedObject
FormKey: 000818:VenpiDebugTools.esm
Base: 00302A:Starfield.esm
Position: -15.000006, 4.7683716E-07, 0
Rotation: 0, -0, 1.5707972
