MutagenObjectType: PlacedObject
FormKey: 000826:VenpiDebugTools.esm
Base: 00302A:Starfield.esm
Position: -3, -6, 6
Rotation: 3.1415927, 1.5707964, 1.5707964
