MutagenObjectType: PlacedObject
FormKey: 000815:VenpiDebugTools.esm
Base: 00302A:Starfield.esm
Position: -6.000017, -9.000005, 0
Rotation: 0, -0, 1.3709073E-06
