MutagenObjectType: PlacedObject
FormKey: 000812:VenpiDebugTools.esm
Base: 00302A:Starfield.esm
Position: -9.536743E-07, 15.000002, 0
Rotation: 0, -0, 3.1415935
