MutagenObjectType: PlacedObject
FormKey: 000814:VenpiDebugTools.esm
Base: 00302A:Starfield.esm
Position: -2.0980835E-05, -9.000009, 0
Rotation: 0, -0, 1.3709073E-06
