MutagenObjectType: PlacedObject
FormKey: 000816:VenpiDebugTools.esm
Base: 00302A:Starfield.esm
Position: -12.000011, -8.999998, 0
Rotation: 0, -0, 1.3709073E-06
