MutagenObjectType: PlacedObject
FormKey: 000808:VenpiDebugTools.esm
MajorRecordFlagsRaw: 256
StarfieldMajorRecordFlags:
- 0x100
Base: 01D490:Starfield.esm
Radius: -231.03773
Lighting:
  Fade1PlusMinus: 1.6
  Unknown1: 2880154539
  Unknown2: 2880154368
Position: 10.154163, 15.460586, 3.0376728
