MutagenObjectType: PlacedObject
FormKey: 000819:VenpiDebugTools.esm
Base: 00302A:Starfield.esm
Position: -15.000004, 5.999998, 0
Rotation: 0, -0, 1.5707972
