MutagenObjectType: PlacedObject
FormKey: 00081D:VenpiDebugTools.esm
Base: 00302A:Starfield.esm
Position: 9, 12, 6
Rotation: 3.1415927, 1.5707964, 1.5707964
