MutagenObjectType: PlacedObject
FormKey: 000811:VenpiDebugTools.esm
Base: 00302A:Starfield.esm
Position: -5.999999, 15.000004, 0
Rotation: 0, -0, 3.1415935
