MutagenObjectType: PlacedObject
FormKey: 00081B:VenpiDebugTools.esm
Base: 00302A:Starfield.esm
Position: 9, -6, 6
Rotation: 3.1415927, 1.5707964, 1.5707964
