MutagenObjectType: PlacedObject
FormKey: 000828:VenpiDebugTools.esm
Base: 00302A:Starfield.esm
Position: -9, 6, 6
Rotation: 3.1415927, 1.5707964, 1.5707964
