FormKey: 0008BB:VenpiDebugTools.esm
NavmeshGeometry:
  Versioning:
  - Break0
  NavmeshVersion: 17
  Parent:
    MutagenObjectType: WorldspaceNavmeshParent
    Parent: 000BAC:VenpiDebugTools.esm
    Coordinates: -1, 0
  Vertices:
  - Point: 15, -20.799995, 2.0146885
    Unknown: 1
  - Point: 14.85, -19.449997, 2.3146877
    Unknown: 1
  - Point: 13.35, -21.900002, 0.2646885
    Unknown: 1
  - Point: 14.6, -24.25, 0.71468925
    Unknown: 1
  Triangles:
  - Vertices: 0, 1, 2
    EdgeLink_0_1: -1
    EdgeLink_1_2: -1
    EdgeLink_2_0: 1
    Height: 3.4028235E+38
    Flags:
    - Found
    - 0x1000
    CoverFlags: 49153
  - Vertices: 2, 3, 0
    EdgeLink_0_1: -1
    EdgeLink_1_2: -1
    Height: 3.4028235E+38
    Flags:
    - Found
    - 0x1000
    CoverFlags: 49154
  Cover:
  - Vertex1: 1
    Vertex2: 7021
    Data: 2149713194
  - Vertex1: 7021
    Vertex2: 23405
    Data: 4295100329
  - Vertex1: 23405
    Vertex2: 44470
    Data: 246299194558376
  - Vertex1: 44470
    Vertex2: 53832
    Data: 250705833232295
  - Vertex1: 53832
    Data: 250710128199334
  - Vertex2: 2621
    Data: 260622912735008
  - Vertex1: 2621
    Vertex2: 6116
    Data: 264724608583581
  - Vertex1: 6116
    Vertex2: 17476
    Data: 264153378064284
  - Vertex1: 17476
    Vertex2: 21844
    Data: 242094426032029
  - Vertex1: 21844
    Vertex2: 27087
    Data: 206776909973406
  - Vertex1: 27087
    Vertex2: 36699
    Data: 136339446319007
  - Vertex1: 36699
    Vertex2: 48932
    Data: 30790625019806
  - Vertex1: 48932
    Vertex2: 52428
    Data: 30850754545565
  - Vertex1: 52428
    Vertex2: 55923
    Data: 64428967836
  - Vertex1: 55923
    Vertex2: 58544
    Data: 64428967835
  - Vertex1: 58544
    Vertex2: 62039
    Data: 64428967834
  - Vertex1: 62039
    Vertex2: 3
    Data: 246355033588377
  CoverTriangleMappings:
  - {}
  - Cover: 5
    Triangle: 5
  GridSize: 1
  GridMaxDistance: 1.6499996, 4.800003
  GridMin: 13.35, -24.25, 0.2646885
  GridMax: 15, -19.449997, 3.4028235E+38
  GridArrays:
  - GridCell:
    - 2
    - 0
    - 0
    - 1
    - 12
    - 8
PreCutMapEntries: []
