MutagenObjectType: PlacedObject
FormKey: 0009BC:VenpiDebugTools.esm
Base: 0001F8:Starfield.esm
Position: 4.6669207, 52.967724, -0.3637371
Rotation: 0.30970982, -0, 4.712389
