MutagenObjectType: PlacedObject
FormKey: 0009F1:VenpiDebugTools.esm
Base: 0304AB:Starfield.esm
SourcePackIn: 1A881C:Starfield.esm
Position: 17.4931, 42.168003, -5.513134
Rotation: 1.8555762, -0.07933254, 3.4986804
