MutagenObjectType: PlacedObject
FormKey: 0009DF:VenpiDebugTools.esm
Base: 03049D:Starfield.esm
SourcePackIn: 1A880B:Starfield.esm
Scale: 0.90999997
Position: 62.35632, 42.62327, -1.2259542
Rotation: 0.036411777, -0.008438589, 5.795293
