MutagenObjectType: PlacedObject
FormKey: 0009BB:VenpiDebugTools.esm
Base: 0304A3:Starfield.esm
Scale: 1.0699999
Position: 14.226619, 30.85156, -0.43737504
Rotation: 0.037011303, -0.009868209, 4.164801
