MutagenObjectType: PlacedObject
FormKey: 0009D6:VenpiDebugTools.esm
Base: 03049F:Starfield.esm
Position: 27.53077, 67.03509, -3.2999282
Rotation: 0, -0, 1.8975849
