MutagenObjectType: PlacedObject
FormKey: 0009D7:VenpiDebugTools.esm
Base: 0304A1:Starfield.esm
Position: 44.52171, 65.399345, -2.1091125
Rotation: 0, -0, 5.7807703
