MutagenObjectType: PlacedObject
FormKey: 0009F9:VenpiDebugTools.esm
Base: 0304A1:Starfield.esm
SourcePackIn: 1A881C:Starfield.esm
Scale: 1.01
Position: 31.167065, 36.885994, -1.996756
Rotation: -0.12078577, -0.103563294, 2.2896006
