MutagenObjectType: PlacedObject
FormKey: 0009DA:VenpiDebugTools.esm
Base: 030499:Starfield.esm
SourcePackIn: 1A880B:Starfield.esm
Scale: 2.1599998
Position: 61.665024, 50.801315, -0.73185265
Rotation: -1.2613537, 0.15831228, 4.5969343
