MutagenObjectType: PlacedObject
FormKey: 0009F0:VenpiDebugTools.esm
Base: 03049D:Starfield.esm
SourcePackIn: 1A881C:Starfield.esm
Scale: 1.01
Position: 31.419197, 44.316154, -1.9955328
Rotation: 0.09555792, -0.12720202, 0.777243
