MutagenObjectType: PlacedObject
FormKey: 0009BD:VenpiDebugTools.esm
Base: 0001F8:Starfield.esm
Position: 54.132805, 85.4623, 0.29689026
