MutagenObjectType: PlacedObject
FormKey: 0009EE:VenpiDebugTools.esm
Base: 03049D:Starfield.esm
SourcePackIn: 1A881C:Starfield.esm
Scale: 0.90999997
Position: 16.708958, 30.094952, -1.8199086
Rotation: -0.034876432, 0.013442671, 2.7938092
