MutagenObjectType: PlacedObject
FormKey: 0009E0:VenpiDebugTools.esm
Base: 030493:Starfield.esm
SourcePackIn: 1A880B:Starfield.esm
Scale: 1.5
Position: 70.151535, 63.772503, -1.7353075
Rotation: -1.7954454, 0.42047346, 1.8626697
