MutagenObjectType: PlacedObject
FormKey: 0009F5:VenpiDebugTools.esm
Base: 03049D:Starfield.esm
SourcePackIn: 1A881C:Starfield.esm
Scale: 1.01
Position: 7.279256, 47.829937, -1.9955328
Rotation: 0.13325226, 0.010515582, 1.739123
