MutagenObjectType: PlacedObject
FormKey: 0009F3:VenpiDebugTools.esm
Base: 0304A1:Starfield.esm
SourcePackIn: 1A881C:Starfield.esm
Scale: 1.01
Position: 1.1311054, 33.01046, -1.5579205
Rotation: -0.068078734, 0.16765785, 1.5852714
