MutagenObjectType: PlacedObject
FormKey: 0009FF:VenpiDebugTools.esm
Base: 1C090B:Starfield.esm
Position: 53.132397, 15.282124, -0.047317505
Rotation: -0, -0.059928156, 4.6554613
