MutagenObjectType: PlacedObject
FormKey: 0009D9:VenpiDebugTools.esm
Base: 030497:Starfield.esm
SourcePackIn: 1A880B:Starfield.esm
Scale: 2.1599998
Position: 65.147026, 42.54564, -0.43867224
Rotation: -1.7830563, -0.2641849, 2.0118902
