MutagenObjectType: PlacedObject
FormKey: 0009E5:VenpiDebugTools.esm
Base: 030495:Starfield.esm
SourcePackIn: 1A880B:Starfield.esm
Scale: 1.79
Position: 78.47192, 45.30113, -0.43867224
Rotation: -1.8823932, -0.8455467, 2.1921942
