MutagenObjectType: PlacedObject
FormKey: 0009FE:VenpiDebugTools.esm
Base: 1C090B:Starfield.esm
Position: 0.7044449, 26.247864, 0.29943848
Rotation: 0.08974821, 0.029870348, 2.1582615
