MutagenObjectType: PlacedObject
FormKey: 0009D8:VenpiDebugTools.esm
Base: 0304A1:Starfield.esm
Position: 53.955967, 41.122177, -2.2161446
Rotation: -0.006679494, 0.04890343, 5.3616166
