MutagenObjectType: PlacedObject
FormKey: 0009ED:VenpiDebugTools.esm
Base: 030493:Starfield.esm
SourcePackIn: 1A881C:Starfield.esm
Scale: 1.5
Position: 7.81168, 30.40482, -1.2934493
Rotation: 2.6913247, -1.3429571, 3.9870825
