MutagenObjectType: PlacedObject
FormKey: 0009FC:VenpiDebugTools.esm
Base: 0304A3:Starfield.esm
SourcePackIn: 1A881C:Starfield.esm
Scale: 1.01
Position: 2.4899302, 41.102657, -2.2773137
Rotation: 0.14421037, 0.10948519, 2.8989103
