MutagenObjectType: PlacedObject
FormKey: 0009E9:VenpiDebugTools.esm
Base: 03049D:Starfield.esm
Scale: 1.01
Position: 26.657768, 82.42185, -3.4919884
Rotation: -0.078515105, -0.015916644, 4.1116486
