MutagenObjectType: PlacedObject
FormKey: 0009EF:VenpiDebugTools.esm
Base: 030487:Starfield.esm
SourcePackIn: 1A881C:Starfield.esm
Position: 28.263466, 37.635685, -6.7996163
Rotation: 2.7113318, -0.150372, 0.29555196
