MutagenObjectType: PlacedObject
FormKey: 0009DC:VenpiDebugTools.esm
Base: 03049D:Starfield.esm
SourcePackIn: 1A880B:Starfield.esm
Scale: 1.01
Position: 50.753048, 67.58061, -2.0581167
Rotation: 0.037042268, 0.045438863, 5.012414
