MutagenObjectType: PlacedObject
FormKey: 0009EA:VenpiDebugTools.esm
Base: 03049D:Starfield.esm
Scale: 1.01
Position: 7.0686646, 58.199596, -2.7810562
Rotation: 0.17290649, 0.04764109, 5.762087
