MutagenObjectType: PlacedObject
FormKey: 000A6A:VenpiDebugTools.esm
Base: 028D82:Starfield.esm
SourcePackIn: 1A30E7:Starfield.esm
Scale: 0.96999997
Position: 52.7025, 8.059208, -0.746376
Rotation: 0.5665665, -0.058834154, 1.2834187
