MutagenObjectType: PlacedObject
FormKey: 000A95:VenpiDebugTools.esm
Base: 021710:Starfield.esm
SourcePackIn: 01EC62:Starfield.esm
Scale: 0.98999995
Position: 19.583364, 10.741604, 0.090994835
Rotation: 0.18288898, -0.0021358149, 4.314136
