MutagenObjectType: PlacedObject
FormKey: 000AD0:VenpiDebugTools.esm
Base: 03048F:Starfield.esm
SourcePackIn: 1A8780:Starfield.esm
Scale: 1.13
Position: 14.307386, 57.562077, -2.36451
Rotation: -0, -0, 2.212551
