MutagenObjectType: PlacedObject
FormKey: 000AE1:VenpiDebugTools.esm
Base: 030491:Starfield.esm
SourcePackIn: 1A8724:Starfield.esm
Position: 16.021496, 1.9532596, -2.0150173
Rotation: 2.7496986, -0.9485629, 6.1965456
