MutagenObjectType: PlacedObject
FormKey: 000A33:VenpiDebugTools.esm
Base: 02EC77:Starfield.esm
SourcePackIn: 1A07B6:Starfield.esm
Scale: 0.90999997
Position: 26.19932, 78.14704, -4.1217213
Rotation: -0.8334258, -0.12184791, 4.532678
