MutagenObjectType: PlacedObject
FormKey: 000A2F:VenpiDebugTools.esm
Base: 02EC77:Starfield.esm
SourcePackIn: 1A07B6:Starfield.esm
Scale: 0.90999997
Position: 22.422333, 83.19743, -4.7622156
Rotation: -3.128265, -0.08162349, 5.0299892
