MutagenObjectType: PlacedObject
FormKey: 000A1A:VenpiDebugTools.esm
Base: 02EC7B:Starfield.esm
SourcePackIn: 1A07ED:Starfield.esm
Scale: 0.90999997
Position: 38.86909, 53.42227, -5.1364274
Rotation: 2.6223023, -0.053332485, 1.7896503
