MutagenObjectType: PlacedObject
FormKey: 000A02:VenpiDebugTools.esm
Base: 1C090B:Starfield.esm
Position: 58.78425, 29.098095, 0.075027466
Rotation: -0.11941762, 0.14784482, 0.40156105
