MutagenObjectType: PlacedObject
FormKey: 000AFA:VenpiDebugTools.esm
Base: 266E64:Starfield.esm
Scale: 1.02
Position: 39.859646, 25.553158, 0.030564643
Rotation: 0.8424555, -0.799665, 4.386647
