MutagenObjectType: PlacedObject
FormKey: 000AA7:VenpiDebugTools.esm
Base: 021713:Starfield.esm
SourcePackIn: 01EC62:Starfield.esm
Scale: 1.18
Position: 54.96802, 29.105871, 0.015055563
Rotation: 0.05639575, -0.0673438, 3.8297932
