MutagenObjectType: PlacedObject
FormKey: 000A92:VenpiDebugTools.esm
Base: 030497:Starfield.esm
SourcePackIn: 1A8761:Starfield.esm
Position: 16.082912, 49.03338, -1.7740765
Rotation: -0, -0, 0.66440374
