MutagenObjectType: PlacedObject
FormKey: 000A69:VenpiDebugTools.esm
Base: 028D63:Starfield.esm
SourcePackIn: 1A30E7:Starfield.esm
Scale: 1.06
Position: 53.211308, 4.0127816, 0.1024704
Rotation: -0.12333493, 0.18361335, 3.300223
