MutagenObjectType: PlacedObject
FormKey: 000A1F:VenpiDebugTools.esm
Base: 02EC79:Starfield.esm
SourcePackIn: 1A07ED:Starfield.esm
Scale: 0.90999997
Position: 53.10722, 48.004463, -7.413651
Rotation: 1.3693026, -0.021603173, 2.188601
