MutagenObjectType: PlacedObject
FormKey: 000A75:VenpiDebugTools.esm
Base: 028D7A:Starfield.esm
SourcePackIn: 1A30E7:Starfield.esm
Scale: 1.01
Position: 49.858887, 5.662368, -0.2620629
Rotation: 0.2776713, 0.233142, 5.4581914
