MutagenObjectType: PlacedObject
FormKey: 000AEF:VenpiDebugTools.esm
Base: 266E66:Starfield.esm
Scale: 1.0699999
Position: 43.08616, 20.784777, 0.017136142
Rotation: -2.0332298, 0.2869252, 3.940234
