MutagenObjectType: PlacedObject
FormKey: 000A41:VenpiDebugTools.esm
Base: 01C1AA:Starfield.esm
SourcePackIn: 19F90F:Starfield.esm
Scale: 1.3
Position: 14.128409, 61.985554, -4.351366
Rotation: 2.8694804, -0.6914015, 2.0211675
