MutagenObjectType: PlacedObject
FormKey: 000A67:VenpiDebugTools.esm
Base: 00B42C:Starfield.esm
SourcePackIn: 1A30E7:Starfield.esm
Position: 68.5576, 9.432364, -0.15613493
Rotation: 0.014646616, -0, 3.2868664
