MutagenObjectType: PlacedObject
FormKey: 000A11:VenpiDebugTools.esm
Base: 02EC79:Starfield.esm
SourcePackIn: 1A07ED:Starfield.esm
Scale: 0.90999997
Position: 50.76762, 38.070335, -3.3696177
Rotation: 2.6606765, -0.33545837, 3.563288
