MutagenObjectType: PlacedObject
FormKey: 000A34:VenpiDebugTools.esm
Base: 029B3B:Starfield.esm
SourcePackIn: 1A07B6:Starfield.esm
Scale: 0.98999995
Position: 12.574135, 67.51359, -7.737547
Rotation: 1.0963392, -0.4299894, 2.8824236
