MutagenObjectType: PlacedObject
FormKey: 000A45:VenpiDebugTools.esm
Base: 01C1AA:Starfield.esm
SourcePackIn: 19F91C:Starfield.esm
Scale: 1.3
Position: 4.958601, 81.72993, -3.4947283
Rotation: 1.530034, 0.2243195, 2.1525402
