MutagenObjectType: PlacedObject
FormKey: 000A06:VenpiDebugTools.esm
Base: 0001F8:Starfield.esm
Position: 67.31587, 22.180576, -0.16406631
