MutagenObjectType: PlacedObject
FormKey: 000AFE:VenpiDebugTools.esm
Base: 266E65:Starfield.esm
Scale: 0.98999995
Position: 40.354107, 21.401743, 0.079404466
Rotation: -0.53928685, 1.2534004, 5.107566
