MutagenObjectType: PlacedObject
FormKey: 000A17:VenpiDebugTools.esm
Base: 02EC77:Starfield.esm
SourcePackIn: 1A07ED:Starfield.esm
Scale: 0.90999997
Position: 45.52465, 39.217304, -3.547796
Rotation: 1.2307265, 0.37813464, 4.0268726
