MutagenObjectType: PlacedObject
FormKey: 000A0D:VenpiDebugTools.esm
Base: 029ACF:Starfield.esm
SourcePackIn: 1A07ED:Starfield.esm
Scale: 1.0799999
Position: 44.516273, 59.607723, -5.041121
Rotation: -2.299475, -0.99774176, 5.1820264
