MutagenObjectType: PlacedObject
FormKey: 000AF6:VenpiDebugTools.esm
Base: 266E64:Starfield.esm
Scale: 0.91999996
Position: 42.069572, 32.765427, -0.125
Rotation: -1.1465515, -0.5173103, 2.1002846
