MutagenObjectType: PlacedObject
FormKey: 000A55:VenpiDebugTools.esm
Base: 206442:Starfield.esm
SourcePackIn: 139EC7:Starfield.esm
Position: 93.687836, 14.23113, 0.18221778
Rotation: -0, -0, 1.8404776
