MutagenObjectType: PlacedObject
FormKey: 000AE5:VenpiDebugTools.esm
Base: 266E64:Starfield.esm
Scale: 1.1
Position: 29.179827, 31.17548, 0.1897195
Rotation: 1.3398896, 0.45347548, 4.514354
