MutagenObjectType: PlacedObject
FormKey: 000A5D:VenpiDebugTools.esm
Base: 01D20B:Starfield.esm
SourcePackIn: 02689C:Starfield.esm
Scale: 0.91999996
Position: 81.58338, 39.284363, 0.056152344
Rotation: -0.01464576, -0.01464614, 2.5987587
