MutagenObjectType: PlacedObject
FormKey: 000A09:VenpiDebugTools.esm
Base: 0304AB:Starfield.esm
Scale: 1.3
Position: 69.76873, 53.999687, -4.8511934
Rotation: -3.072227, 0.013089706, 1.088714
