MutagenObjectType: PlacedObject
FormKey: 000AEC:VenpiDebugTools.esm
Base: 029A5B:Starfield.esm
Scale: 1.0799999
Position: 28.923538, 31.345606, 0.03147614
Rotation: 1.3471488, -0.29738173, 3.2445807
