MutagenObjectType: PlacedObject
FormKey: 000A3D:VenpiDebugTools.esm
Base: 02EC77:Starfield.esm
SourcePackIn: 1A07B6:Starfield.esm
Scale: 0.90999997
Position: 10.864898, 78.51909, -4.2598367
Rotation: 0.80988264, -0.416532, 4.3649273
