MutagenObjectType: PlacedObject
FormKey: 000AF3:VenpiDebugTools.esm
Base: 029A5B:Starfield.esm
Scale: 1.18
Position: 40.633713, 16.551414, -0.3388996
Rotation: -1.4373296, -0.3418138, 1.9485161
