MutagenObjectType: PlacedObject
FormKey: 000AE4:VenpiDebugTools.esm
Base: 266E64:Starfield.esm
Scale: 0.93
Position: 41.800735, 29.686176, 0.1684428
Rotation: -1.2160476, -0.08273678, 4.9547224
