MutagenObjectType: PlacedObject
FormKey: 000A8D:VenpiDebugTools.esm
Base: 030493:Starfield.esm
SourcePackIn: 1A8761:Starfield.esm
Scale: 1.13
Position: 31.225096, 60.911457, -2.3645136
Rotation: -0, -0, 3.4475877
