MutagenObjectType: PlacedObject
FormKey: 000A52:VenpiDebugTools.esm
Base: 206446:Starfield.esm
SourcePackIn: 139EC7:Starfield.esm
Position: 89.12393, 16.039396, 0.088440485
Rotation: -0, -0, 4.3236494
