MutagenObjectType: PlacedObject
FormKey: 000A37:VenpiDebugTools.esm
Base: 029ACF:Starfield.esm
SourcePackIn: 1A07B6:Starfield.esm
Scale: 1.0799999
Position: 8.213183, 81.52707, -4.314527
Rotation: -1.3520572, -0.32832137, 4.929801
