MutagenObjectType: PlacedObject
FormKey: 000AE8:VenpiDebugTools.esm
Base: 266E66:Starfield.esm
Scale: 1.01
Position: 33.765053, 32.282394, 0.29125783
Rotation: -1.0483471, 0.800966, 0.14684235
