MutagenObjectType: PlacedObject
FormKey: 000A00:VenpiDebugTools.esm
Base: 23CF65:Starfield.esm
Position: 59.86855, 4.4345345, 1.3837835
Rotation: 0, 0, 4.6119246
