MutagenObjectType: PlacedObject
FormKey: 000A57:VenpiDebugTools.esm
Base: 206427:Starfield.esm
SourcePackIn: 139EC7:Starfield.esm
Position: 87.701385, 15.317628, 0.024685904
Rotation: -0, -0, 1.54048
