MutagenObjectType: PlacedObject
FormKey: 000AF1:VenpiDebugTools.esm
Base: 266E65:Starfield.esm
Scale: 0.98999995
Position: 31.672504, 25.824198, -0.03967973
Rotation: -0.6241657, 1.0911604, 0.5792669
