MutagenObjectType: PlacedObject
FormKey: 000AE9:VenpiDebugTools.esm
Base: 266E64:Starfield.esm
Scale: 1.0799999
Position: 35.078, 32.220596, 0.17744909
Rotation: -0.4810167, 0.94943595, 1.7626778
