MutagenObjectType: PlacedObject
FormKey: 000AB3:VenpiDebugTools.esm
Base: 021710:Starfield.esm
SourcePackIn: 01ECEC:Starfield.esm
Scale: 1.16
Position: 4.709076, 18.013859, 0.12054518
Rotation: -0.0016448277, -0.0374907, 5.516511
