MutagenObjectType: PlacedObject
FormKey: 000AF9:VenpiDebugTools.esm
Base: 029A5B:Starfield.esm
Scale: 1.1
Position: 46.440395, 20.336905, -0.09494946
Rotation: 0.4486352, 0.54148346, 6.055641
