MutagenObjectType: PlacedObject
FormKey: 000AEB:VenpiDebugTools.esm
Base: 029A5B:Starfield.esm
Scale: 0.89
Position: 34.934784, 22.002333, 0.09402358
Rotation: 1.5301014, 0.701241, 2.384974
