MutagenObjectType: PlacedObject
FormKey: 000A4A:VenpiDebugTools.esm
Base: 0304A1:Starfield.esm
Scale: 0.7
Position: 29.00769, 57.894753, -1.9223902
Rotation: -0.10012428, 0.049749993, 5.67576
