MutagenObjectType: PlacedObject
FormKey: 000AF5:VenpiDebugTools.esm
Base: 266E63:Starfield.esm
Scale: 1.0699999
Position: 46.24914, 27.111906, 0.11998645
Rotation: -1.6728905, -0.81028587, 1.5907907
