MutagenObjectType: PlacedObject
FormKey: 000A32:VenpiDebugTools.esm
Base: 02EC65:Starfield.esm
SourcePackIn: 1A07B6:Starfield.esm
Scale: 0.87
Position: 28.302162, 71.53608, -3.391357
Rotation: -0.5891892, 0.29929462, 6.1714444
