MutagenObjectType: PlacedObject
FormKey: 000A2E:VenpiDebugTools.esm
Base: 029B33:Starfield.esm
SourcePackIn: 1A07B6:Starfield.esm
Scale: 0.87
Position: 14.031814, 78.03514, -7.7619157
Rotation: -0.1761701, -0.3656987, 5.7152104
