MutagenObjectType: PlacedObject
FormKey: 000AFB:VenpiDebugTools.esm
Base: 266E65:Starfield.esm
Scale: 1.05
Position: 39.50164, 25.200142, 0.14254609
Rotation: 1.721157, -0.6901934, 2.8688161
