MutagenObjectType: PlacedObject
FormKey: 000A0A:VenpiDebugTools.esm
Base: 0304AB:Starfield.esm
Scale: 1.3
Position: 20.997105, 45.067436, -8.154887
Rotation: 3.0992494, -0.056494527, 3.4894567
