MutagenObjectType: PlacedObject
FormKey: 000AD4:VenpiDebugTools.esm
Base: 030497:Starfield.esm
SourcePackIn: 1A8780:Starfield.esm
Position: 10.481848, 30.809326, -1.7740729
Rotation: -0, -0, 1.6293572
