MutagenObjectType: PlacedObject
FormKey: 000A3E:VenpiDebugTools.esm
Base: 02EC63:Starfield.esm
SourcePackIn: 1A07B6:Starfield.esm
Scale: 0.87
Position: 6.4321113, 73.36018, -3.8243248
Rotation: -0.33273387, -0.10307302, 2.8274827
