MutagenObjectType: PlacedObject
FormKey: 000A0B:VenpiDebugTools.esm
Base: 02EC7B:Starfield.esm
SourcePackIn: 1A07ED:Starfield.esm
Scale: 0.90999997
Position: 52.410187, 52.851906, -7.9071608
Rotation: -0.57511264, -1.1040721, 4.327397
