MutagenObjectType: PlacedObject
FormKey: 000A05:VenpiDebugTools.esm
Base: 26BA65:Starfield.esm
Position: 94.536835, 17.822495, 0.177742
