MutagenObjectType: PlacedObject
FormKey: 000A9E:VenpiDebugTools.esm
Base: 00B423:Starfield.esm
SourcePackIn: 01EC62:Starfield.esm
Scale: 1.2099999
Position: 33.841087, 25.230179, -0.32653642
Rotation: -0.09112737, -0.03261076, 5.3430386
