MutagenObjectType: PlacedObject
FormKey: 000A53:VenpiDebugTools.esm
Base: 206426:Starfield.esm
SourcePackIn: 139EC7:Starfield.esm
Position: 94.36724, 20.564014, -0.04577577
Rotation: -0, -0, 2.4404652
