MutagenObjectType: PlacedObject
FormKey: 000A08:VenpiDebugTools.esm
Base: 03049D:Starfield.esm
SourcePackIn: 1A87E8:Starfield.esm
Scale: 1.01
Position: 32.057484, 2.9910452, -1.9955215
Rotation: 0.1400003, -0.0754951, 0.3449164
