MutagenObjectType: PlacedObject
FormKey: 000AFF:VenpiDebugTools.esm
Base: 029A57:Starfield.esm
Scale: 1.67
Position: 31.648506, 13.973612, 0.07524706
Rotation: 0.3078228, 0.8834879, 0.3375263
