MutagenObjectType: PlacedObject
FormKey: 000A30:VenpiDebugTools.esm
Base: 029B3B:Starfield.esm
SourcePackIn: 1A07B6:Starfield.esm
Scale: 0.87
Position: 19.989044, 85.048615, -5.7771773
Rotation: -2.7469087, -0.4298522, 6.0706873
