MutagenObjectType: PlacedObject
FormKey: 000A14:VenpiDebugTools.esm
Base: 02EC79:Starfield.esm
SourcePackIn: 1A07ED:Starfield.esm
Scale: 0.90999997
Position: 39.33304, 44.209026, -5.284362
Rotation: -2.6564744, -0.22605714, 0.7566412
