MutagenObjectType: PlacedObject
FormKey: 000A6D:VenpiDebugTools.esm
Base: 021710:Starfield.esm
SourcePackIn: 1A30E7:Starfield.esm
Position: 51.273556, 0.43136024, 0.047525972
Rotation: 0.09976168, -0.00675285, 0.09134528
