MutagenObjectType: PlacedObject
FormKey: 000A1C:VenpiDebugTools.esm
Base: 029ACF:Starfield.esm
SourcePackIn: 1A07ED:Starfield.esm
Scale: 0.90999997
Position: 38.856564, 39.877636, -3.4933627
Rotation: -2.9140384, -1.1989447, 4.2501125
