MutagenObjectType: PlacedObject
FormKey: 000ADF:VenpiDebugTools.esm
Base: 030493:Starfield.esm
SourcePackIn: 1A8724:Starfield.esm
Scale: 1.13
Position: 13.1612835, 5.7177124, -2.3645065
Rotation: -0, -0, 0.9962518
