MutagenObjectType: PlacedObject
FormKey: 000A85:VenpiDebugTools.esm
Base: 030497:Starfield.esm
SourcePackIn: 1A8761:Starfield.esm
Position: 1.742589, 53.40371, -1.7740765
Rotation: -0, -0, 0.96440333
