MutagenObjectType: PlacedObject
FormKey: 000AF7:VenpiDebugTools.esm
Base: 266E67:Starfield.esm
Scale: 0.91999996
Position: 42.611713, 31.727278, 0.078125
Rotation: -3.012555, 0.5118362, 1.9432969
