MutagenObjectType: PlacedObject
FormKey: 000A43:VenpiDebugTools.esm
Base: 02EC79:Starfield.esm
SourcePackIn: 19F91C:Starfield.esm
Scale: 1.17
Position: 3.9277701, 85.69402, -4.860307
Rotation: 0.80919725, 0.4640513, 0.77937245
