MutagenObjectType: PlacedObject
FormKey: 000A73:VenpiDebugTools.esm
Base: 029AD3:Starfield.esm
SourcePackIn: 1A30E7:Starfield.esm
Position: 49.22389, 3.5677676, -0.16094463
Rotation: -0.82169515, -0.16394928, 6.062454
