MutagenObjectType: PlacedObject
FormKey: 000A9D:VenpiDebugTools.esm
Base: 00B424:Starfield.esm
SourcePackIn: 01EC62:Starfield.esm
Scale: 1.2099999
Position: 32.42316, 19.881424, 0.18658127
Rotation: -0.062115043, -0.091005236, 5.347316
