MutagenObjectType: PlacedObject
FormKey: 000A18:VenpiDebugTools.esm
Base: 02EC77:Starfield.esm
SourcePackIn: 1A07ED:Starfield.esm
Scale: 0.90999997
Position: 38.32699, 46.18896, -5.6334753
Rotation: -2.575851, 0.112074405, 5.8814116
