MutagenObjectType: PlacedObject
FormKey: 000AF4:VenpiDebugTools.esm
Base: 266E67:Starfield.esm
Scale: 1.0799999
Position: 41.68074, 13.840847, -0.22771376
Rotation: 2.3827991, 0.88044214, 4.772644
