MutagenObjectType: PlacedObject
FormKey: 000A29:VenpiDebugTools.esm
Base: 03048F:Starfield.esm
SourcePackIn: 1A880B:Starfield.esm
Scale: 1.5
Position: 14.988611, 89.34537, -1.3710951
Rotation: -2.5475235, 1.3228579, 0.99343574
