MutagenObjectType: PlacedObject
FormKey: 000AB8:VenpiDebugTools.esm
Base: 074449:Starfield.esm
SourcePackIn: 01ECEC:Starfield.esm
Position: 3.5240955, 8.215193, -0.08609297
Rotation: 0.040458184, 0.008812772, 0.8853187
