MutagenObjectType: PlacedObject
FormKey: 000AF2:VenpiDebugTools.esm
Base: 266E66:Starfield.esm
Scale: 1.0699999
Position: 41.080677, 16.59441, -0.24428758
Rotation: -2.0385, 0.041755725, 4.7120304
