MutagenObjectType: PlacedObject
FormKey: 000A6F:VenpiDebugTools.esm
Base: 028D78:Starfield.esm
SourcePackIn: 1A30E7:Starfield.esm
Scale: 1.06
Position: 63.080086, 8.715596, -0.53630614
Rotation: 0.12697308, -0.20711207, 3.5318065
