MutagenObjectType: PlacedObject
FormKey: 000A01:VenpiDebugTools.esm
Base: 23CF65:Starfield.esm
Position: 91.48403, 14.3911705, 0.3353424
Rotation: 0, 0, 4.083889
