MutagenObjectType: PlacedObject
FormKey: 000A36:VenpiDebugTools.esm
Base: 02EC7B:Starfield.esm
SourcePackIn: 1A07B6:Starfield.esm
Scale: 0.90999997
Position: 27.805885, 75.20355, -2.6897607
Rotation: -0.6501305, -0.40531376, 4.289683
