MutagenObjectType: PlacedObject
FormKey: 000A2B:VenpiDebugTools.esm
Base: 030495:Starfield.esm
SourcePackIn: 1A880B:Starfield.esm
Scale: 1.79
Position: 4.0559883, 92.171585, -1.3034917
Rotation: -1.7954456, 0.4204738, 1.8626698
