MutagenObjectType: PlacedObject
FormKey: 000AFC:VenpiDebugTools.esm
Base: 266E66:Starfield.esm
Scale: 0.96999997
Position: 43.17635, 19.22589, -0.03245528
Rotation: 1.7046432, 0.30628675, 1.2856039
