MutagenObjectType: PlacedObject
FormKey: 000A58:VenpiDebugTools.esm
Base: 206445:Starfield.esm
SourcePackIn: 139EC7:Starfield.esm
Scale: 0.91999996
Position: 89.80785, 20.932306, -0.16966356
Rotation: -0, -0, 0.24047273
