MutagenObjectType: PlacedObject
FormKey: 000A6C:VenpiDebugTools.esm
Base: 028D6E:Starfield.esm
SourcePackIn: 1A30E7:Starfield.esm
Scale: 1.06
Position: 66.676445, 0.0025416315, 0.32398084
Rotation: 0.23099226, 0.28427908, 0.09478702
