MutagenObjectType: PlacedObject
FormKey: 000A9F:VenpiDebugTools.esm
Base: 00B423:Starfield.esm
SourcePackIn: 01EC62:Starfield.esm
Scale: 1.2099999
Position: 30.467064, 19.045885, 0.015022039
Rotation: -0.031140272, 0.13107532, 1.0371723
