MutagenObjectType: PlacedObject
FormKey: 000AED:VenpiDebugTools.esm
Base: 029A5B:Starfield.esm
Scale: 0.9
Position: 37.635265, 16.24239, -0.32455724
Rotation: 0.020420302, 0.41971162, 1.3263142
