MutagenObjectType: PlacedObject
FormKey: 000AEE:VenpiDebugTools.esm
Base: 266E66:Starfield.esm
Scale: 1.09
Position: 38.61215, 25.286999, 0.03768739
Rotation: -0.8351368, -0.25755656, 0.8240011
