MutagenObjectType: PlacedObject
FormKey: 000AAF:VenpiDebugTools.esm
Base: 021710:Starfield.esm
SourcePackIn: 01EC62:Starfield.esm
Position: 48.27276, 24.98341, -0.14931944
Rotation: -0, -0.014648568, 2.7028098
