MutagenObjectType: PlacedObject
FormKey: 000AFD:VenpiDebugTools.esm
Base: 029A5A:Starfield.esm
Scale: 1.3299999
Position: 41.84667, 22.249557, -0.19717626
Rotation: 1.7992914, 0.06890685, 1.5975486
