MutagenObjectType: PlacedObject
FormKey: 000A82:VenpiDebugTools.esm
Base: 030497:Starfield.esm
SourcePackIn: 1A8761:Starfield.esm
Position: 38.145386, 69.36569, -1.9635496
Rotation: -0, -0, 0.8475762
