MutagenObjectType: PlacedObject
FormKey: 000AE6:VenpiDebugTools.esm
Base: 266E67:Starfield.esm
Scale: 0.94
Position: 42.78227, 33.08, -0.1953125
Rotation: 0.32249486, -0.65906596, 0.97585994
