MutagenObjectType: PlacedObject
FormKey: 000AF0:VenpiDebugTools.esm
Base: 029A5A:Starfield.esm
Scale: 1.1899999
Position: 32.54037, 25.494272, 0.10618788
Rotation: 0.687938, 0.39079717, 3.910229
