MutagenObjectType: PlacedObject
FormKey: 000A65:VenpiDebugTools.esm
Base: 021710:Starfield.esm
SourcePackIn: 02689C:Starfield.esm
Scale: 0.88
Position: 74.06715, 36.89514, -0.018432617
Rotation: -0, -0.029287748, 5.8894444
