MutagenObjectType: PlacedObject
FormKey: 000AEA:VenpiDebugTools.esm
Base: 266E64:Starfield.esm
Scale: 1.02
Position: 34.033703, 22.320675, 0.01662642
Rotation: 0.47173536, -0.07729461, 4.8448305
