MutagenObjectType: PlacedObject
FormKey: 000A54:VenpiDebugTools.esm
Base: 206427:Starfield.esm
SourcePackIn: 139EC7:Starfield.esm
Position: 91.88364, 18.876621, 0.060105026
Rotation: -0, -0, 6.1236725
