MutagenObjectType: PlacedObject
FormKey: 000A5A:VenpiDebugTools.esm
Base: 00B42C:Starfield.esm
SourcePackIn: 02689C:Starfield.esm
Scale: 0.88
Position: 62.661495, 29.319416, -0.0016786307
Rotation: 0.02928455, -0.0438981, 5.1468205
