MutagenObjectType: PlacedObject
FormKey: 000A59:VenpiDebugTools.esm
Base: 206445:Starfield.esm
SourcePackIn: 139EC7:Starfield.esm
Position: 88.39288, 18.280216, 0.11147478
Rotation: -0, -0, 5.223655
