MutagenObjectType: PlacedObject
FormKey: 000A3B:VenpiDebugTools.esm
Base: 029ACF:Starfield.esm
SourcePackIn: 1A07B6:Starfield.esm
Scale: 0.90999997
Position: 28.530107, 73.18371, -2.2696548
Rotation: 0.20449062, 0.46264294, 5.628546
