MutagenObjectType: PlacedObject
FormKey: 000A77:VenpiDebugTools.esm
Base: 030495:Starfield.esm
SourcePackIn: 1A8761:Starfield.esm
Position: 36.97532, 84.97735, -1.7740765
Rotation: -2.650726, 0.23884118, 4.737287
