MutagenObjectType: PlacedObject
FormKey: 000A46:VenpiDebugTools.esm
Base: 029ACF:Starfield.esm
SourcePackIn: 19F91C:Starfield.esm
Scale: 0.91999996
Position: 6.7425265, 86.09175, -4.6914167
Rotation: -0.207754, -0.29067564, 5.552361
