MutagenObjectType: PlacedObject
FormKey: 000A3A:VenpiDebugTools.esm
Base: 02EC79:Starfield.esm
SourcePackIn: 1A07B6:Starfield.esm
Scale: 0.90999997
Position: 11.348892, 81.49491, -4.554395
Rotation: -2.7553756, 0.24211237, 0.07779546
