MutagenObjectType: PlacedObject
FormKey: 000A88:VenpiDebugTools.esm
Base: 030495:Starfield.esm
SourcePackIn: 1A8761:Starfield.esm
Position: 3.4727106, 54.405495, -1.7740765
Rotation: 2.6906114, -0.3108454, 1.4490614
