MutagenObjectType: PlacedObject
FormKey: 000AE7:VenpiDebugTools.esm
Base: 266E65:Starfield.esm
Scale: 1.06
Position: 31.632942, 26.601854, 0.12591887
Rotation: -2.866883, -0.056808956, 3.8276322
