MutagenObjectType: PlacedObject
FormKey: 000AF8:VenpiDebugTools.esm
Base: 266E67:Starfield.esm
Scale: 0.96
Position: 39.48686, 24.532162, 0.1498791
Rotation: -1.5122712, -0.5030516, 3.1009934
