MutagenObjectType: PlacedObject
FormKey: 000B4A:VenpiDebugTools.esm
Base: 266E66:Starfield.esm
Scale: 0.91999996
Position: 27.042902, 27.641956, 0.14225787
Rotation: 1.9805923, 0.31618306, 5.514023
