MutagenObjectType: PlacedObject
FormKey: 000B19:VenpiDebugTools.esm
Base: 029A5A:Starfield.esm
Scale: 1.66
Position: 31.526648, 33.173893, -0.23852266
Rotation: 1.2603896, 0.2530801, 5.6776786
