MutagenObjectType: PlacedObject
FormKey: 000B4F:VenpiDebugTools.esm
Base: 266E66:Starfield.esm
Scale: 1.06
Position: 24.86825, 21.975494, -0.065813944
Rotation: 0.99824053, -0.6543778, 5.0207953
