MutagenObjectType: PlacedObject
FormKey: 000B89:VenpiDebugTools.esm
Base: 0304A1:Starfield.esm
Scale: 1.0699999
Position: 10.8968115, 18.600056, 0.6502906
Rotation: 0.50641847, 0.103320405, 1.7898846
