MutagenObjectType: PlacedObject
FormKey: 000B8D:VenpiDebugTools.esm
Base: 030497:Starfield.esm
Scale: 1.74
Position: 12.731247, 13.887476, 3.7818995
Rotation: 0.7523027, -0.3391153, 1.0856338
