MutagenObjectType: PlacedObject
FormKey: 000B92:VenpiDebugTools.esm
Base: 03049D:Starfield.esm
Scale: 1.0699999
Position: 19.488304, 22.815119, -1.2059996
Rotation: 1.2364032, -0.034149494, 0.15243718
