MutagenObjectType: PlacedObject
FormKey: 000B06:VenpiDebugTools.esm
Base: 266E66:Starfield.esm
Scale: 1.06
Position: 34.83903, 14.05195, -0.13690087
Rotation: 2.982547, -0.15935166, 3.2417796
