MutagenObjectType: PlacedObject
FormKey: 000B5A:VenpiDebugTools.esm
Base: 028D82:Starfield.esm
Scale: 0.96999997
Position: 30.385193, 31.604061, -0.4821607
Rotation: -0.49562767, -0.51725525, 1.1772101
