MutagenObjectType: PlacedObject
FormKey: 000B52:VenpiDebugTools.esm
Base: 028D7E:Starfield.esm
Scale: 1.01
Position: 42.400547, 22.993986, -0.31264657
Rotation: -0.44329754, 0.19159509, 1.111258
