MutagenObjectType: PlacedObject
FormKey: 000B94:VenpiDebugTools.esm
Base: 0304A3:Starfield.esm
Scale: 1.2099999
Position: 14.471302, 23.933182, -2.2609668
Rotation: 0.3872778, 0.14159872, 3.4640985
