MutagenObjectType: PlacedObject
FormKey: 000B0A:VenpiDebugTools.esm
Base: 266E66:Starfield.esm
Scale: 1.03
Position: 30.981724, 12.879166, 0.011508457
Rotation: -0.356602, -0.79086906, 3.2592318
