MutagenObjectType: PlacedObject
FormKey: 000B88:VenpiDebugTools.esm
Base: 03048D:Starfield.esm
Scale: 1.28
Position: 15.0273695, 19.065195, -1.4602867
Rotation: -0.32337716, -0.04296282, 0.14338002
