MutagenObjectType: PlacedObject
FormKey: 000B77:VenpiDebugTools.esm
Base: 03F808:Starfield.esm
Position: 25.536587, 7.633527, -2.9469433
Rotation: 0.05530993, -0.119440205, 1.98027
