MutagenObjectType: PlacedObject
FormKey: 000B13:VenpiDebugTools.esm
Base: 266E65:Starfield.esm
Position: 26.445768, 22.816082, 0.05911622
Rotation: 2.167501, -1.3183771, 4.1601467
