MutagenObjectType: PlacedObject
FormKey: 000B29:VenpiDebugTools.esm
Base: 266E66:Starfield.esm
Scale: 1.06
Position: 38.776306, 17.227446, -0.21048209
Rotation: 1.570855, 0.16275889, 1.2162385
