MutagenObjectType: PlacedObject
FormKey: 000B32:VenpiDebugTools.esm
Base: 266E67:Starfield.esm
Scale: 0.91999996
Position: 46.360508, 23.755695, -0.004229475
Rotation: -2.444585, -0.36143708, 6.092817
