MutagenObjectType: PlacedObject
FormKey: 000B5E:VenpiDebugTools.esm
Base: 00B424:Starfield.esm
Position: 28.212315, 13.718473, 0.08863348
Rotation: 0.014647356, 0.04391225, 5.0119967
