MutagenObjectType: PlacedObject
FormKey: 000B85:VenpiDebugTools.esm
Base: 0304A1:Starfield.esm
Scale: 1.15
Position: 24.927956, 12.938923, 4.392577
Rotation: 0.4613168, 0.07389505, 5.572068
