MutagenObjectType: PlacedObject
FormKey: 000B53:VenpiDebugTools.esm
Base: 02EC61:Starfield.esm
Position: 28.73689, 28.584703, 0.44325802
Rotation: 0.014647264, -0.05852006, 3.9490612
