MutagenObjectType: PlacedObject
FormKey: 000B01:VenpiDebugTools.esm
Base: 029A5A:Starfield.esm
Scale: 1.36
Position: 42.571903, 25.33001, -0.0081034005
Rotation: -0.24378997, 1.3070297, 1.4348462
