MutagenObjectType: PlacedObject
FormKey: 000B05:VenpiDebugTools.esm
Base: 029A5A:Starfield.esm
Scale: 0.78
Position: 39.1798, 20.018637, -0.060958385
Rotation: 1.1091614, -0.45778465, 4.3344965
