MutagenObjectType: PlacedObject
FormKey: 000B0B:VenpiDebugTools.esm
Base: 266E64:Starfield.esm
Scale: 0.93
Position: 30.557852, 13.923753, -0.11303607
Rotation: 3.0942783, 0.036591224, 0.46957403
