MutagenObjectType: PlacedObject
FormKey: 000B2B:VenpiDebugTools.esm
Base: 266E65:Starfield.esm
Scale: 0.91999996
Position: 35.94137, 14.509094, -0.15291417
Rotation: 1.5743275, 0.4497728, 5.544038
