MutagenObjectType: PlacedObject
FormKey: 000B2F:VenpiDebugTools.esm
Base: 266E64:Starfield.esm
Scale: 1.06
Position: 45.887146, 22.875868, 0.025888503
Rotation: -0.4051843, 0.26066032, 1.0447111
