MutagenObjectType: PlacedObject
FormKey: 000B00:VenpiDebugTools.esm
Base: 266E65:Starfield.esm
Scale: 0.96999997
Position: 43.639103, 26.605043, 0.14731538
Rotation: -1.6164286, 1.2292061, 4.6617393
