MutagenObjectType: PlacedObject
FormKey: 000B34:VenpiDebugTools.esm
Base: 029A5B:Starfield.esm
Scale: 1.55
Position: 29.016912, 16.238096, -0.26964694
Rotation: 1.9398032, -0.73652285, 4.8483496
