MutagenObjectType: PlacedObject
FormKey: 000B39:VenpiDebugTools.esm
Base: 029A58:Starfield.esm
Scale: 0.85999995
Position: 26.472254, 16.682043, -0.08770332
Rotation: 0.036925785, 0.009380486, 0.73472196
