MutagenObjectType: PlacedObject
FormKey: 000B5F:VenpiDebugTools.esm
Base: 00B423:Starfield.esm
Position: 28.856356, 15.438522, 0.26431036
Rotation: 0.02928888, -0.014641301, 5.8114605
