MutagenObjectType: PlacedObject
FormKey: 000B21:VenpiDebugTools.esm
Base: 029A57:Starfield.esm
Scale: 0.74
Position: 34.06171, 26.346268, 0.041597307
Rotation: -1.2379966, -0.49413207, 0.6722878
