MutagenObjectType: PlacedObject
FormKey: 000B86:VenpiDebugTools.esm
Base: 03F808:Starfield.esm
Position: 19.18277, 18.203999, 1.4522423
Rotation: 0.46131685, 0.07389506, 1.9888833
