MutagenObjectType: PlacedObject
FormKey: 000B44:VenpiDebugTools.esm
Base: 029A57:Starfield.esm
Scale: 1.15
Position: 26.226917, 26.923597, 0.2543218
Rotation: -0.44560328, 0.34400922, 4.7461023
