MutagenObjectType: PlacedObject
FormKey: 000B17:VenpiDebugTools.esm
Base: 266E65:Starfield.esm
Scale: 1.05
Position: 28.52535, 23.69026, 0.051929183
Rotation: -2.201454, 1.1802607, 3.7924743
