MutagenObjectType: PlacedObject
FormKey: 000B38:VenpiDebugTools.esm
Base: 266E63:Starfield.esm
Scale: 0.94
Position: 40.8763, 33.48975, -0.25
Rotation: -0.6546864, -0.9306885, 2.5100043
