MutagenObjectType: PlacedObject
FormKey: 000B48:VenpiDebugTools.esm
Base: 029A58:Starfield.esm
Scale: 1.15
Position: 45.0989, 15.9688, -0.23074618
Rotation: 0.0046464377, 0.03739464, 1.6059642
