MutagenObjectType: PlacedObject
FormKey: 000B72:VenpiDebugTools.esm
Base: 030495:Starfield.esm
Scale: 1.74
Position: 23.428217, 20.168406, 0.6010026
Rotation: -1.2167225, 0.44401723, 4.482839
