MutagenObjectType: PlacedObject
FormKey: 000B2D:VenpiDebugTools.esm
Base: 266E64:Starfield.esm
Scale: 0.90999997
Position: 43.775803, 25.471733, 0.1490545
Rotation: 0.5128236, 0.09144312, 4.80624
