MutagenObjectType: PlacedObject
FormKey: 000B45:VenpiDebugTools.esm
Base: 266E66:Starfield.esm
Scale: 0.96
Position: 41.284733, 14.592676, -0.154399
Rotation: 1.2231647, 0.91915834, 3.867478
