MutagenObjectType: PlacedObject
FormKey: 000B35:VenpiDebugTools.esm
Base: 266E63:Starfield.esm
Scale: 1.06
Position: 29.377445, 13.100772, -0.008819662
Rotation: -0.532786, -0.038284615, 0.35066187
