MutagenObjectType: PlacedObject
FormKey: 000B6D:VenpiDebugTools.esm
Base: 03F808:Starfield.esm
Position: 20.880466, 19.908241, -0.58003485
Rotation: -0.10062492, -0.014417842, 4.314574
