MutagenObjectType: PlacedObject
FormKey: 000B09:VenpiDebugTools.esm
Base: 029A57:Starfield.esm
Scale: 0.94
Position: 36.993195, 21.033, -0.0072015673
Rotation: 2.0710366, 0.52724034, 2.3728917
