MutagenObjectType: PlacedObject
FormKey: 000B3F:VenpiDebugTools.esm
Base: 266E67:Starfield.esm
Scale: 1.09
Position: 29.588467, 14.411916, -0.10390576
Rotation: 3.0839531, -0.35573858, 5.939968
