MutagenObjectType: PlacedObject
FormKey: 000B25:VenpiDebugTools.esm
Base: 029A5B:Starfield.esm
Scale: 1.7199999
Position: 40.466084, 29.833984, -0.11971152
Rotation: 0.7135909, -0.75182265, 3.0490384
