MutagenObjectType: PlacedObject
FormKey: 000B7C:VenpiDebugTools.esm
Base: 03049F:Starfield.esm
Scale: 1.0699999
Position: 21.890936, 2.719582, -2.1646767
Rotation: 0.055309936, -0.11944019, 3.063455
