MutagenObjectType: PlacedObject
FormKey: 000B7E:VenpiDebugTools.esm
Base: 030497:Starfield.esm
Scale: 1.74
Position: 19.279072, 2.760861, -1.2788727
Rotation: 0.3766957, -0.52094585, 1.0125718
