MutagenObjectType: PlacedObject
FormKey: 000B4D:VenpiDebugTools.esm
Base: 266E65:Starfield.esm
Scale: 1.02
Position: 33.17695, 23.552069, -0.07603936
Rotation: -0.28758654, -1.1525455, 2.1733654
