MutagenObjectType: PlacedObject
FormKey: 000B4B:VenpiDebugTools.esm
Base: 029A58:Starfield.esm
Scale: 1.26
Position: 40.62495, 30.190292, 0.22573814
Rotation: 0.022701474, -0.0051982077, 5.292129
