MutagenObjectType: PlacedObject
FormKey: 000B3D:VenpiDebugTools.esm
Base: 029A57:Starfield.esm
Scale: 1.63
Position: 33.910694, 14.107741, -0.22363342
Rotation: 2.6595929, -1.199774, 1.3905973
