MutagenObjectType: PlacedObject
FormKey: 000B0E:VenpiDebugTools.esm
Base: 029A5B:Starfield.esm
Scale: 1.41
Position: 40.029114, 18.11396, -0.23587537
Rotation: -1.4012363, -0.20580445, 5.699448
