MutagenObjectType: PlacedObject
FormKey: 000B51:VenpiDebugTools.esm
Base: 028D7C:Starfield.esm
Scale: 1.01
Position: 41.227467, 26.95665, 0.34529862
Rotation: -0.072625354, -0.30276102, 3.2177932
