MutagenObjectType: PlacedObject
FormKey: 000B18:VenpiDebugTools.esm
Base: 266E65:Starfield.esm
Scale: 1.1
Position: 28.235313, 31.059895, 0.14708261
Rotation: 1.5581315, 0.73484826, 5.9489064
