MutagenObjectType: PlacedObject
FormKey: 000B43:VenpiDebugTools.esm
Base: 266E67:Starfield.esm
Scale: 1.02
Position: 26.11583, 29.373274, 0.28817448
Rotation: 1.1290998, 0.43448454, 2.3058403
