MutagenObjectType: PlacedObject
FormKey: 000B71:VenpiDebugTools.esm
Base: 03048F:Starfield.esm
Scale: 1.7099999
Position: 14.682451, 20.306208, -0.17123759
Rotation: 0.6891505, -0.25635663, 1.2675682
