MutagenObjectType: PlacedObject
FormKey: 000B0F:VenpiDebugTools.esm
Base: 029A5A:Starfield.esm
Scale: 1.1
Position: 34.932858, 13.230457, -0.22480401
Rotation: 0.044618197, -0.60209525, 2.4243329
