MutagenObjectType: PlacedObject
FormKey: 000B57:VenpiDebugTools.esm
Base: 0216FF:Starfield.esm
Position: 28.04731, 18.125504, -0.117284134
Rotation: -0.014647713, -0.01464614, 0.64959717
