MutagenObjectType: PlacedObject
FormKey: 000B79:VenpiDebugTools.esm
Base: 03048D:Starfield.esm
Scale: 1.28
Position: 21.013638, 9.584415, -4.4398637
Rotation: -0.74469805, -0.18506642, 0.27572918
