MutagenObjectType: PlacedObject
FormKey: 000B33:VenpiDebugTools.esm
Base: 266E64:Starfield.esm
Scale: 1.03
Position: 42.702442, 16.650547, -0.18118277
Rotation: 1.0867884, 0.22250433, 1.6672848
