MutagenObjectType: PlacedObject
FormKey: 000B2C:VenpiDebugTools.esm
Base: 029A5A:Starfield.esm
Scale: 1.15
Position: 40.7261, 25.103144, 0.03028027
Rotation: 2.1850312, 0.12097282, 3.5295165
