MutagenObjectType: PlacedObject
FormKey: 000B8A:VenpiDebugTools.esm
Base: 030495:Starfield.esm
Scale: 1.74
Position: 10.262466, 18.823383, 1.050299
Rotation: -0.04148829, 0.12052064, 3.3585455
