MutagenObjectType: PlacedObject
FormKey: 000B2E:VenpiDebugTools.esm
Base: 266E67:Starfield.esm
Scale: 0.95
Position: 46.253376, 26.223225, -0.027632847
Rotation: -1.5136201, -0.7603276, 3.044792
