MutagenObjectType: PlacedObject
FormKey: 000B3A:VenpiDebugTools.esm
Base: 266E65:Starfield.esm
Scale: 0.90999997
Position: 46.073032, 20.970825, -0.12884624
Rotation: 2.9146483, 0.16088852, 3.6104956
