MutagenObjectType: PlacedObject
FormKey: 000B20:VenpiDebugTools.esm
Base: 029A59:Starfield.esm
Scale: 0.97999996
Position: 32.751198, 21.424438, 0.052473616
Rotation: 0.024648406, 0.07718653, 1.7829252
