MutagenObjectType: PlacedObject
FormKey: 000B7D:VenpiDebugTools.esm
Base: 03048F:Starfield.esm
Scale: 1.7099999
Position: 33.446686, 3.7090144, -3.020111
Rotation: 0.12587039, 0.3782732, 5.0091896
