MutagenObjectType: PlacedObject
FormKey: 000B8B:VenpiDebugTools.esm
Base: 03049F:Starfield.esm
Scale: 1.0699999
Position: 15.464786, 13.709623, 3.4589174
Rotation: 0.46131682, 0.073895045, 3.0720685
