MutagenObjectType: PlacedObject
FormKey: 000B28:VenpiDebugTools.esm
Base: 029A59:Starfield.esm
Scale: 1.7099999
Position: 38.206764, 24.338406, 0.23337683
Rotation: 0.06146568, -0.045014534, 2.632168
