MutagenObjectType: PlacedObject
FormKey: 000B8E:VenpiDebugTools.esm
Base: 03049F:Starfield.esm
Scale: 1.15
Position: 26.092857, 20.861412, 0.5506935
Rotation: 0.46131685, 0.07389505, 4.1720676
