MutagenObjectType: PlacedObject
FormKey: 000B5C:VenpiDebugTools.esm
Base: 01D1F6:Starfield.esm
Scale: 1.06
Position: 33.247368, 17.634495, 1.0318024
Rotation: -0.23874608, -0.07344185, 5.482126
