MutagenObjectType: PlacedObject
FormKey: 000B31:VenpiDebugTools.esm
Base: 029A5B:Starfield.esm
Scale: 1.51
Position: 46.39661, 22.818941, -0.057775065
Rotation: 1.4823681, -0.67425543, 0.46612093
