MutagenObjectType: PlacedObject
FormKey: 000B7A:VenpiDebugTools.esm
Base: 0304A1:Starfield.esm
Scale: 1.0699999
Position: 17.295122, 8.331283, -1.9229811
Rotation: 0.10009395, -0.089435756, 1.7726092
