MutagenObjectType: PlacedObject
FormKey: 000B56:VenpiDebugTools.esm
Base: 028D63:Starfield.esm
Scale: 1.06
Position: 38.666355, 14.7982645, -0.3145253
Rotation: -0.08373671, -0.17100522, 1.3634466
