MutagenObjectType: PlacedObject
FormKey: 000B08:VenpiDebugTools.esm
Base: 029A5A:Starfield.esm
Scale: 1.1899999
Position: 37.951176, 20.80559, -0.08575514
Rotation: -1.584615, -0.10642761, 2.067099
