MutagenObjectType: PlacedObject
FormKey: 000B41:VenpiDebugTools.esm
Base: 029A59:Starfield.esm
Scale: 0.97999996
Position: 38.190697, 19.997341, -0.17398232
Rotation: -0.07955845, -0.09370877, 5.771901
