MutagenObjectType: PlacedObject
FormKey: 000B3B:VenpiDebugTools.esm
Base: 029A58:Starfield.esm
Scale: 1.23
Position: 36.96091, 13.181477, -0.33971593
Rotation: 0.016999396, -0.03803912, 2.3081267
