MutagenObjectType: PlacedObject
FormKey: 000B80:VenpiDebugTools.esm
Base: 030489:Starfield.esm
Scale: 1.28
Position: 24.984417, 3.0187445, -1.3096304
Rotation: -0.5177932, 0.22105236, 4.428022
