MutagenObjectType: PlacedObject
FormKey: 000B66:VenpiDebugTools.esm
Base: 0304A1:Starfield.esm
Scale: 1.0699999
Position: 17.551847, 26.80835, -0.16565582
Rotation: 0.017743113, 0.033948135, 2.8152847
