MutagenObjectType: PlacedObject
FormKey: 000B22:VenpiDebugTools.esm
Base: 029A5B:Starfield.esm
Scale: 0.98999995
Position: 33.509262, 21.255234, -0.06838207
Rotation: -0.29590255, 0.3957764, 2.6719515
