MutagenObjectType: PlacedObject
FormKey: 000B6A:VenpiDebugTools.esm
Base: 0304A3:Starfield.esm
Scale: 1.2099999
Position: 23.114796, 25.62549, -0.09998286
Rotation: -0.094748996, -0.1288864, 3.5012305
