MutagenObjectType: PlacedObject
FormKey: 000B40:VenpiDebugTools.esm
Base: 266E64:Starfield.esm
Scale: 0.90999997
Position: 38.602524, 20.220043, -0.028735071
Rotation: -0.15800166, -1.2439802, 0.44294897
