MutagenObjectType: PlacedObject
FormKey: 000B46:VenpiDebugTools.esm
Base: 266E63:Starfield.esm
Scale: 0.94
Position: 40.234142, 13.386988, -0.22531104
Rotation: 3.0521808, 0.28613847, 2.015269
