MutagenObjectType: PlacedObject
FormKey: 000B76:VenpiDebugTools.esm
Base: 0304A1:Starfield.esm
Scale: 1.15
Position: 31.281628, 1.6232274, -3.4414842
Rotation: 0.05530994, -0.11944018, 5.563455
