MutagenObjectType: PlacedObject
FormKey: 000B30:VenpiDebugTools.esm
Base: 029A5A:Starfield.esm
Scale: 0.90999997
Position: 40.541622, 25.209906, 0.023918986
Rotation: 2.7797542, 0.7429149, 0.29443344
