MutagenObjectType: PlacedObject
FormKey: 000B23:VenpiDebugTools.esm
Base: 266E65:Starfield.esm
Scale: 0.90999997
Position: 31.863987, 23.615147, -0.030308727
Rotation: 1.5834885, 0.39958474, 1.8378417
