MutagenObjectType: PlacedObject
FormKey: 000B1E:VenpiDebugTools.esm
Base: 029A58:Starfield.esm
Scale: 1.0699999
Position: 44.15118, 27.505909, 0.058320366
Rotation: -0.0061895833, 0.025336271, 3.738482
