MutagenObjectType: PlacedObject
FormKey: 000B0C:VenpiDebugTools.esm
Base: 266E63:Starfield.esm
Scale: 0.97999996
Position: 28.31071, 16.600111, -0.12504786
Rotation: 0.8908231, 0.9025659, 2.7541785
