MutagenObjectType: PlacedObject
FormKey: 000B84:VenpiDebugTools.esm
Base: 0304A3:Starfield.esm
Scale: 1.2099999
Position: 20.706196, 14.37354, -3.1681147
Rotation: -0.018669633, -0.051844314, 3.46979
