MutagenObjectType: PlacedObject
FormKey: 000B6E:VenpiDebugTools.esm
Base: 030491:Starfield.esm
Scale: 2.1299999
Position: 15.256975, 24.074226, 0.04532373
Rotation: -2.6181269, -0.11968404, 0.49523667
