MutagenObjectType: PlacedObject
FormKey: 000B5B:VenpiDebugTools.esm
Base: 029AF5:Starfield.esm
Scale: 1.1
Position: 39.304665, 19.21804, -0.59887326
Rotation: -0.055395454, 0.5692842, 5.909454
