MutagenObjectType: PlacedObject
FormKey: 000B54:VenpiDebugTools.esm
Base: 028D7A:Starfield.esm
Scale: 1.01
Position: 29.433374, 21.659746, -0.07093838
Rotation: 0.33677527, 0.19214152, 0.6012005
