MutagenObjectType: PlacedObject
FormKey: 000B50:VenpiDebugTools.esm
Base: 00B42C:Starfield.esm
Position: 26.793652, 20.828415, -0.18962519
Rotation: -0.014647713, -0.01464614, 0.12859672
