MutagenObjectType: PlacedObject
FormKey: 000B36:VenpiDebugTools.esm
Base: 266E67:Starfield.esm
Scale: 0.90999997
Position: 41.486828, 22.067707, -0.041457776
Rotation: 0.96499056, 0.79426116, 5.941558
