MutagenObjectType: PlacedObject
FormKey: 000B6C:VenpiDebugTools.esm
Base: 03048D:Starfield.esm
Scale: 0.97999996
Position: 24.791977, 21.579098, -2.3898168
Rotation: 0.63286835, 0.5167583, 3.3052287
