MutagenObjectType: PlacedObject
FormKey: 000B8F:VenpiDebugTools.esm
Base: 030489:Starfield.esm
Scale: 1.28
Position: 21.626862, 15.9507265, 2.9324975
Rotation: -0.14311294, 0.38678244, 4.3231325
