MutagenObjectType: PlacedObject
FormKey: 000B60:VenpiDebugTools.esm
Base: 00B42C:Starfield.esm
Position: 44.488102, 19.615128, -0.23992334
Rotation: 0, -0.029287748, 2.9174895
