MutagenObjectType: PlacedObject
FormKey: 000B15:VenpiDebugTools.esm
Base: 266E65:Starfield.esm
Scale: 1.06
Position: 25.953552, 27.881565, 0.18105574
Rotation: -1.3591012, -0.58604807, 2.7411487
