MutagenObjectType: PlacedObject
FormKey: 000B70:VenpiDebugTools.esm
Base: 03049F:Starfield.esm
Scale: 1.0699999
Position: 26.044472, 17.822775, -0.94928515
Rotation: -0.18802704, -0.36129203, 1.3080558
