MutagenObjectType: PlacedObject
FormKey: 000B04:VenpiDebugTools.esm
Base: 266E66:Starfield.esm
Scale: 1.06
Position: 26.937092, 24.369242, -0.029140182
Rotation: 1.1338339, 0.59860384, 3.4830046
