MutagenObjectType: PlacedObject
FormKey: 000B8C:VenpiDebugTools.esm
Base: 03048F:Starfield.esm
Scale: 1.7099999
Position: 26.9673, 15.18671, 4.328677
Rotation: 0.5441319, 0.5703905, 5.0354652
