MutagenObjectType: PlacedObject
FormKey: 000B6F:VenpiDebugTools.esm
Base: 03048B:Starfield.esm
Scale: 1.28
Position: 19.366127, 20.336159, -0.37294734
Rotation: 0.75576264, 0.24270922, 4.912343
