MutagenObjectType: PlacedObject
FormKey: 000B12:VenpiDebugTools.esm
Base: 029A58:Starfield.esm
Scale: 1.49
Position: 33.833687, 24.625153, 0.11093217
Rotation: -0.045150902, 0.057956703, 6.2045054
