MutagenObjectType: PlacedObject
FormKey: 000B81:VenpiDebugTools.esm
Base: 030493:Starfield.esm
Scale: 1.74
Position: 22.170237, 16.11398, -3.6149154
Rotation: 0.51791805, 0.9869436, 0.05174282
