MutagenObjectType: PlacedObject
FormKey: 000B24:VenpiDebugTools.esm
Base: 029A59:Starfield.esm
Scale: 1.1999999
Position: 33.048733, 32.157825, 0.15937543
Rotation: 0.101579584, 0.05388734, 0.8097605
