MutagenObjectType: PlacedObject
FormKey: 000B2A:VenpiDebugTools.esm
Base: 266E65:Starfield.esm
Scale: 0.93
Position: 38.62319, 17.77056, -0.24968722
Rotation: -0.83340925, 0.47380581, 1.6869645
