MutagenObjectType: PlacedObject
FormKey: 000B27:VenpiDebugTools.esm
Base: 266E67:Starfield.esm
Scale: 0.97999996
Position: 45.499725, 19.544111, -0.13216372
Rotation: -3.1320355, -0.35672826, 4.4323645
