MutagenObjectType: PlacedObject
FormKey: 000B37:VenpiDebugTools.esm
Base: 029A58:Starfield.esm
Scale: 0.89
Position: 41.291668, 33.387566, -0.2421875
Rotation: -0.052933756, -0.037011463, 5.106286
