MutagenObjectType: PlacedObject
FormKey: 000B3E:VenpiDebugTools.esm
Base: 029A5B:Starfield.esm
Scale: 1.37
Position: 29.551233, 14.790958, -0.27515227
Rotation: 1.6337129, 0.002081187, 1.6220295
