MutagenObjectType: PlacedObject
FormKey: 000B65:VenpiDebugTools.esm
Base: 030497:Starfield.esm
Scale: 2.1
Position: 15.868455, 17.655693, -0.5277649
Rotation: -1.2509787, 0.2627486, 4.392639
