MutagenObjectType: PlacedObject
FormKey: 000B59:VenpiDebugTools.esm
Base: 021710:Starfield.esm
Position: 41.105087, 31.858229, 0.2203125
Rotation: -0.029289022, 0.029276464, 0.649061
