MutagenObjectType: PlacedObject
FormKey: 000B1F:VenpiDebugTools.esm
Base: 266E64:Starfield.esm
Scale: 1.01
Position: 47.294453, 26.392935, -0.0050656646
Rotation: 1.5698863, -0.897141, 4.928459
