MutagenObjectType: PlacedObject
FormKey: 000B62:VenpiDebugTools.esm
Base: 0216FF:Starfield.esm
Position: 47.571632, 24.959673, -0.11361481
Rotation: -0.029288402, -0.0438981, 5.0821323
