MutagenObjectType: PlacedObject
FormKey: 000B61:VenpiDebugTools.esm
Base: 021710:Starfield.esm
Position: 33.581615, 13.127727, 0.025975116
Rotation: -0.13449529, -0.1014734, 2.7250166
