MutagenObjectType: PlacedObject
FormKey: 000B47:VenpiDebugTools.esm
Base: 266E66:Starfield.esm
Scale: 0.93
Position: 25.79254, 23.506083, 0.08729635
Rotation: 0.49471015, 0.5944969, 2.0978813
