MutagenObjectType: PlacedObject
FormKey: 000B14:VenpiDebugTools.esm
Base: 266E63:Starfield.esm
Scale: 0.90999997
Position: 27.07904, 23.08502, 0.07664422
Rotation: -1.2639002, -0.45421255, 1.1724414
