MutagenObjectType: PlacedObject
FormKey: 000B7B:VenpiDebugTools.esm
Base: 030495:Starfield.esm
Scale: 1.74
Position: 16.760351, 8.379592, -1.3538045
Rotation: -0.44481105, -0.053261552, 3.4438615
