MutagenObjectType: PlacedObject
FormKey: 000B1D:VenpiDebugTools.esm
Base: 029A5A:Starfield.esm
Scale: 1.4599999
Position: 27.743528, 31.607561, -0.2598083
Rotation: -0.8553782, 0.73439914, 2.9588406
