MutagenObjectType: PlacedObject
FormKey: 000B42:VenpiDebugTools.esm
Base: 266E66:Starfield.esm
Scale: 1.03
Position: 42.628582, 21.917738, -0.032657344
Rotation: 3.0453055, 0.7619162, 2.270785
