MutagenObjectType: PlacedObject
FormKey: 000B91:VenpiDebugTools.esm
Base: 030491:Starfield.esm
Scale: 2.1299999
Position: 19.904314, 24.157387, -1.7205384
Rotation: 2.9647748, -0.055718582, 3.4977252
