MutagenObjectType: PlacedObject
FormKey: 000B26:VenpiDebugTools.esm
Base: 029A57:Starfield.esm
Scale: 1.76
Position: 41.350132, 16.589478, -0.072059594
Rotation: 0.45934212, 0.10976683, 0.12729947
