MutagenObjectType: PlacedObject
FormKey: 000B64:VenpiDebugTools.esm
Base: 030489:Starfield.esm
Scale: 1.28
Position: 15.72982, 12.552958, 8.261488
Rotation: -0.37904868, 0.7068769, 3.0411057
