MutagenObjectType: PlacedObject
FormKey: 000B02:VenpiDebugTools.esm
Base: 266E66:Starfield.esm
Scale: 1.01
Position: 45.35312, 20.593702, -0.14016975
Rotation: 0.90532184, -0.4374425, 5.5099926
