MutagenObjectType: PlacedObject
FormKey: 000B58:VenpiDebugTools.esm
Base: 01D2B6:Starfield.esm
Scale: 1.06
Position: 37.158115, 29.273554, 1.6018131
Rotation: -0.020351961, -0.2416255, 4.1722775
