MutagenObjectType: PlacedObject
FormKey: 000B1A:VenpiDebugTools.esm
Base: 266E65:Starfield.esm
Scale: 0.97999996
Position: 39.864193, 31.9564, 0.272825
Rotation: 2.2555068, -0.26752555, 0.2568329
