MutagenObjectType: PlacedObject
FormKey: 000B4E:VenpiDebugTools.esm
Base: 029A57:Starfield.esm
Scale: 1.66
Position: 27.827227, 19.981102, -0.17912835
Rotation: -2.552306, -0.62747866, 4.2386045
