MutagenObjectType: PlacedObject
FormKey: 000B10:VenpiDebugTools.esm
Base: 029A5A:Starfield.esm
Scale: 0.88
Position: 25.771523, 25.71295, 0.26816076
Rotation: -0.17957915, 0.14832331, 0.7067871
