MutagenObjectType: PlacedObject
FormKey: 000B55:VenpiDebugTools.esm
Base: 01D20B:Starfield.esm
Scale: 1.06
Position: 45.224613, 25.517876, -0.2974195
Rotation: -3.1222408, 0.81340706, 4.5229483
