MutagenObjectType: PlacedObject
FormKey: 000B78:VenpiDebugTools.esm
Base: 030499:Starfield.esm
Scale: 1.74
Position: 16.461601, 6.655248, -1.4049737
Rotation: 0.07423579, 0.3827191, 4.902355
