MutagenObjectType: PlacedObject
FormKey: 000B0D:VenpiDebugTools.esm
Base: 266E65:Starfield.esm
Scale: 0.97999996
Position: 27.116913, 26.730534, 0.22153895
Rotation: 2.3675396, 0.37480992, 3.447714
