MutagenObjectType: PlacedObject
FormKey: 000B90:VenpiDebugTools.esm
Base: 030493:Starfield.esm
Scale: 1.74
Position: 15.990379, 25.472689, -3.0943348
Rotation: 1.1255636, 1.1467559, 0.2808196
