MutagenObjectType: PlacedObject
FormKey: 000B1C:VenpiDebugTools.esm
Base: 029A57:Starfield.esm
Scale: 0.79999995
Position: 46.23156, 17.570854, -0.18844928
Rotation: 0.15169723, 0.7305475, 2.7921753
