MutagenObjectType: PlacedObject
FormKey: 000B83:VenpiDebugTools.esm
Base: 03049D:Starfield.esm
Scale: 1.0699999
Position: 25.728, 12.919252, -3.615142
Rotation: 0.8445007, -0.1654488, 0.009446878
