MutagenObjectType: PlacedObject
FormKey: 000B4C:VenpiDebugTools.esm
Base: 029A59:Starfield.esm
Scale: 1.61
Position: 39.46623, 32.327126, 0.014545053
Rotation: 0.03325665, -0.06351894, 0.09454561
