MutagenObjectType: PlacedObject
FormKey: 000B11:VenpiDebugTools.esm
Base: 029A58:Starfield.esm
Scale: 1.51
Position: 32.632507, 26.434908, -0.04838419
Rotation: -0.095864855, 0.040313113, 2.060818
