MutagenObjectType: PlacedObject
FormKey: 000B6B:VenpiDebugTools.esm
Base: 030493:Starfield.esm
Scale: 1.74
Position: 20.493782, 26.158325, -0.544335
Rotation: 0.7924875, -0.92184365, 1.6826295
