MutagenObjectType: PlacedObject
FormKey: 000B07:VenpiDebugTools.esm
Base: 029A59:Starfield.esm
Scale: 1.62
Position: 42.28083, 13.302241, -0.37290257
Rotation: -0.031063426, 0.06306955, 4.38407
