MutagenObjectType: PlacedObject
FormKey: 000B82:VenpiDebugTools.esm
Base: 030491:Starfield.esm
Scale: 2.1299999
Position: 26.150278, 14.354738, -3.638813
Rotation: 2.555905, 0.10470865, 3.3893378
