MutagenObjectType: PlacedObject
FormKey: 000B7F:VenpiDebugTools.esm
Base: 03049F:Starfield.esm
Scale: 1.15
Position: 32.36606, 10.416744, -4.0586925
Rotation: 0.055309933, -0.1194402, 4.163455
