MutagenObjectType: PlacedObject
FormKey: 000B03:VenpiDebugTools.esm
Base: 029A57:Starfield.esm
Scale: 1.11
Position: 26.990097, 18.626188, -0.17732246
Rotation: 1.2020301, -0.3753482, 1.0834374
