MutagenObjectType: PlacedObject
FormKey: 000B1B:VenpiDebugTools.esm
Base: 266E66:Starfield.esm
Scale: 0.98999995
Position: 45.699707, 17.742037, -0.13310845
Rotation: 1.6780798, 0.22754878, 5.6219797
