MutagenObjectType: PlacedObject
FormKey: 000B87:VenpiDebugTools.esm
Base: 030499:Starfield.esm
Scale: 1.74
Position: 9.982659, 17.1964, 1.6332746
Rotation: 0.48719203, 0.57581526, 4.9169297
