MutagenObjectType: PlacedObject
FormKey: 000B16:VenpiDebugTools.esm
Base: 029A59:Starfield.esm
Scale: 1.41
Position: 25.562578, 21.623165, -0.045207515
Rotation: -0.060011648, 0.08240835, 4.301469
