MutagenObjectType: PlacedObject
FormKey: 000B69:VenpiDebugTools.esm
Base: 03049F:Starfield.esm
Scale: 1.15
Position: 16.061544, 20.245432, -0.6124579
Rotation: -0.100624844, -0.014417826, 4.3145733
