MutagenObjectType: PlacedObject
FormKey: 000B3C:VenpiDebugTools.esm
Base: 029A59:Starfield.esm
Scale: 1.78
Position: 41.556442, 13.044422, -0.30842158
Rotation: 0.042331483, 0.06706905, 2.3077185
