MutagenObjectType: PlacedObject
FormKey: 000B5D:VenpiDebugTools.esm
Base: 00B423:Starfield.esm
Position: 46.44312, 17.66168, -0.11779794
Rotation: -0.7446213, -0.305958, 1.6641972
