MutagenObjectType: PlacedObject
FormKey: 000B49:VenpiDebugTools.esm
Base: 029A57:Starfield.esm
Scale: 0.96
Position: 27.801868, 26.741587, -0.0031920224
Rotation: -1.1973983, 0.24426538, 1.6833842
