MutagenObjectType: PlacedObject
FormKey: 000989:VenpiDebugTools.esm
Base: 00B42B:Starfield.esm
SourcePackIn: 01ECFE:Starfield.esm
Scale: 1.26
Position: 24.864107, -102.66404, 0.78199214
Rotation: -0, -0, 3.3340137
