MutagenObjectType: PlacedObject
FormKey: 00087E:VenpiDebugTools.esm
Base: 0304A1:Starfield.esm
Scale: 1.01
Position: -12.944723, 66.87441, -3.3156648
Rotation: 0.15007664, 0.03488529, 4.711171
