MutagenObjectType: PlacedObject
FormKey: 00088C:VenpiDebugTools.esm
Base: 029B39:Starfield.esm
SourcePackIn: 1A0790:Starfield.esm
Scale: 0.91999996
Position: -19.67668, 73.8006, -6.8037677
Rotation: 0.473969, -0.67293525, 4.7603264
