MutagenObjectType: PlacedObject
FormKey: 000886:VenpiDebugTools.esm
Base: 03049F:Starfield.esm
SourcePackIn: 1A87F9:Starfield.esm
Scale: 0.90999997
Position: -26.929165, 79.63948, -3.614849
Rotation: -0.03548792, 0.011732929, 2.7452376
