MutagenObjectType: PlacedObject
FormKey: 00088E:VenpiDebugTools.esm
Base: 02EC79:Starfield.esm
SourcePackIn: 1A0790:Starfield.esm
Scale: 1.17
Position: -21.801735, 76.396034, -5.3567047
Rotation: 0.6769446, 0.15686189, 0.6724605
