MutagenObjectType: PlacedObject
FormKey: 000882:VenpiDebugTools.esm
Base: 030497:Starfield.esm
SourcePackIn: 1A87F9:Starfield.esm
Scale: 2.1599998
Position: -28.129417, 78.33471, -2.0570962
Rotation: 1.9564596, 0.9100005, 3.544753
