MutagenObjectType: PlacedObject
FormKey: 00087F:VenpiDebugTools.esm
Base: 1C090B:Starfield.esm
Position: -2.228447, 23.25528, 0.45105743
Rotation: 0.059920758, 0.03118379, 1.959501
