MutagenObjectType: PlacedObject
FormKey: 000889:VenpiDebugTools.esm
Base: 03F808:Starfield.esm
SourcePackIn: 1A87F9:Starfield.esm
Position: -27.632418, 93.91594, -2.4254138
Rotation: 0, -0, 2.6975806
