MutagenObjectType: PlacedObject
FormKey: 00087C:VenpiDebugTools.esm
Base: 03049D:Starfield.esm
Scale: 1.01
Position: -24.047533, 74.78171, -3.7453194
Rotation: 0.04885016, -0.0070588593, 0.92842174
