MutagenObjectType: PlacedObject
FormKey: 000884:VenpiDebugTools.esm
Base: 03048F:Starfield.esm
SourcePackIn: 1A87F9:Starfield.esm
Scale: 1.5
Position: -34.938988, 93.01812, -1.6648809
Rotation: -2.1977794, 1.2168365, 1.3587792
