MutagenObjectType: PlacedObject
FormKey: 000887:VenpiDebugTools.esm
Base: 03049D:Starfield.esm
SourcePackIn: 1A87F9:Starfield.esm
Scale: 1.01
Position: -37.31653, 93.881424, -2.5892558
Rotation: 0.103978366, 0.19349277, 2.0409436
