MutagenObjectType: PlacedObject
FormKey: 00088D:VenpiDebugTools.esm
Base: 02EC7B:Starfield.esm
SourcePackIn: 1A0790:Starfield.esm
Scale: 1.3
Position: -21.6242, 79.25188, -5.67048
Rotation: -1.632343, -0.7442601, 2.4002085
