MutagenObjectType: PlacedObject
FormKey: 00088A:VenpiDebugTools.esm
Base: 030491:Starfield.esm
SourcePackIn: 1A880B:Starfield.esm
Scale: 1.5
Position: -13.172029, 96.043, -1.3710951
Rotation: -2.5475228, 1.3228576, 0.9934362
