MutagenObjectType: PlacedObject
FormKey: 000883:VenpiDebugTools.esm
Base: 030495:Starfield.esm
SourcePackIn: 1A87F9:Starfield.esm
Scale: 1.79
Position: -14.298275, 91.81037, -1.6298075
Rotation: -2.7301295, 1.3470551, 0.8056749
