MutagenObjectType: PlacedObject
FormKey: 00088B:VenpiDebugTools.esm
Base: 03049B:Starfield.esm
SourcePackIn: 1A880B:Starfield.esm
Scale: 1.01
Position: -4.0055075, 96.32952, -3.59352
Rotation: 0.09327321, 0.04931359, 0.5584978
