MutagenObjectType: PlacedObject
FormKey: 00087D:VenpiDebugTools.esm
Base: 03049F:Starfield.esm
Scale: 1.01
Position: -18.871113, 66.29377, -3.1846337
Rotation: -0.034934286, -0.03487422, 3.142389
