MutagenObjectType: PlacedObject
FormKey: 00088F:VenpiDebugTools.esm
Base: 01D5B7:Starfield.esm
SourcePackIn: 1A0790:Starfield.esm
Scale: 0.91999996
Position: -17.81392, 76.6575, -6.848733
Rotation: 0.17806436, -0.68547624, 5.038646
