MutagenObjectType: PlacedObject
FormKey: 00099B:VenpiDebugTools.esm
Base: 030493:Starfield.esm
SourcePackIn: 1A880B:Starfield.esm
Scale: 1.5
Position: 18.973915, 107.21615, -1.8286233
Rotation: 2.489541, 1.3120685, 5.9996157
