MutagenObjectType: PlacedObject
FormKey: 00099C:VenpiDebugTools.esm
Base: 03049F:Starfield.esm
SourcePackIn: 1A880B:Starfield.esm
Scale: 1.01
Position: 3.7320704, 105.03647, -3.472176
Rotation: -0.06608296, 0.07095351, 2.956253
