MutagenObjectType: PlacedObject
FormKey: 00099A:VenpiDebugTools.esm
Base: 03049D:Starfield.esm
SourcePackIn: 1A880B:Starfield.esm
Scale: 1.01
Position: 23.03247, 104.34933, -2.0155606
Rotation: 0.1734907, -0.13490646, 3.7690942
