MutagenObjectType: PlacedObject
FormKey: 0008D3:VenpiDebugTools.esm
Base: 1A849E:Starfield.esm
Position: 71.114685, -11.973445, -1.7740765
Rotation: 0, -0, 1.3707963
