MutagenObjectType: PlacedObject
FormKey: 0008D7:VenpiDebugTools.esm
Base: 1A848F:Starfield.esm
Position: 44.122696, -59.912685, -0.44057867
Rotation: 0.28611684, 0.08139708, 1.5049924
