MutagenObjectType: PlacedObject
FormKey: 0008E6:VenpiDebugTools.esm
Base: 03048F:Starfield.esm
SourcePackIn: 1A87E8:Starfield.esm
Scale: 1.5
Position: 24.66165, -22.064753, -1.0135287
Rotation: -1.5724167, 0.7703109, 6.021806
