MutagenObjectType: PlacedObject
FormKey: 0008EC:VenpiDebugTools.esm
Base: 0304AB:Starfield.esm
Position: 63.27622, -9.297332, -5.8567467
Rotation: 3.0906909, -0.028656796, 2.8876727
