MutagenObjectType: PlacedObject
FormKey: 0008F9:VenpiDebugTools.esm
Base: 02EC79:Starfield.esm
SourcePackIn: 1A07ED:Starfield.esm
Scale: 0.90999997
Position: 53.062187, -18.023333, -8.240864
Rotation: 2.8117633, 0.18255053, 4.27024
