MutagenObjectType: PlacedObject
FormKey: 0008D2:VenpiDebugTools.esm
Base: 1A8493:Starfield.esm
Position: 47.063473, -51.317688, -1.7740765
Rotation: -0, -0, 1.5707964
