MutagenObjectType: PlacedObject
FormKey: 0008F4:VenpiDebugTools.esm
Base: 029ACF:Starfield.esm
SourcePackIn: 1A07ED:Starfield.esm
Scale: 1.13
Position: 54.910973, -25.528393, -10.118724
Rotation: -1.4259176, 0.17725687, 1.6696433
