MutagenObjectType: PlacedObject
FormKey: 0008D4:VenpiDebugTools.esm
Base: 1A84A4:Starfield.esm
Position: 75.23152, -44.25966, -1.5721967
Rotation: 0.1707415, 0.13391669, 1.2691902
