MutagenObjectType: PlacedObject
FormKey: 0008C7:VenpiDebugTools.esm
Base: 1C090B:Starfield.esm
Position: 59.868546, -0.12680435, -0.06591797
Rotation: -0, -0, 0.7216983
