MutagenObjectType: PlacedObject
FormKey: 0008EB:VenpiDebugTools.esm
Base: 030495:Starfield.esm
SourcePackIn: 1A87E8:Starfield.esm
Scale: 1.79
Position: 35.4503, -19.951033, -1.589236
Rotation: 2.3128068, 0.79260594, 2.3955276
