MutagenObjectType: PlacedObject
FormKey: 0008F3:VenpiDebugTools.esm
Base: 02EC7B:Starfield.esm
SourcePackIn: 1A07ED:Starfield.esm
Scale: 1.05
Position: 48.721264, -22.585022, -10.263038
Rotation: 0.6405836, 0.34724247, 2.1276755
