MutagenObjectType: PlacedObject
FormKey: 0008C8:VenpiDebugTools.esm
Base: 23CF65:Starfield.esm
Position: 64.419464, -6.030037, 0.21672821
Rotation: 0, 0, 3.2851593
