MutagenObjectType: PlacedObject
FormKey: 0008D8:VenpiDebugTools.esm
Base: 1A84B0:Starfield.esm
Position: 8.05659, -56.861553, -1.7740798
Rotation: 0, -0, 6.070596
