MutagenObjectType: PlacedObject
FormKey: 0008DF:VenpiDebugTools.esm
Base: 030497:Starfield.esm
SourcePackIn: 1A87E8:Starfield.esm
Scale: 2.1599998
Position: 28.280235, -21.4989, -1.2454879
Rotation: -1.8037775, -0.006162111, 0.09443498
