MutagenObjectType: PlacedObject
FormKey: 0008CD:VenpiDebugTools.esm
Base: 26BA65:Starfield.esm
Position: 15.770302, -86.247345, 0.5796051
