MutagenObjectType: PlacedObject
FormKey: 0008D0:VenpiDebugTools.esm
Base: 1A849E:Starfield.esm
Position: 63.456345, -49.88337, -1.7740691
Rotation: 0, -0, 0.46860388
