MutagenObjectType: PlacedObject
FormKey: 0008EE:VenpiDebugTools.esm
Base: 0304AF:Starfield.esm
Scale: 1.5
Position: 71.75643, -46.35794, -10.134526
Rotation: 3.0119212, 0.18783577, 0.86228013
