MutagenObjectType: PlacedObject
FormKey: 0008D9:VenpiDebugTools.esm
Base: 0304A1:Starfield.esm
Position: 1.9089901, -56.402313, -1.5126232
Rotation: 0.18999946, -0.119333155, 0.45902297
