MutagenObjectType: PlacedObject
FormKey: 0008ED:VenpiDebugTools.esm
Base: 0304AF:Starfield.esm
Scale: 1.5
Position: 42.058422, -54.935043, -10.700001
Rotation: 3.0932453, -0.03278539, 2.804551
