MutagenObjectType: PlacedObject
FormKey: 0008DA:VenpiDebugTools.esm
Base: 1A84AA:Starfield.esm
Position: 4.6327095, -27.301497, -1.8627802
Rotation: 0, -0, 3.387411
