MutagenObjectType: PlacedObject
FormKey: 0008EF:VenpiDebugTools.esm
Base: 0304AF:Starfield.esm
Scale: 1.5
Position: 88.98848, -13.877873, -8.951347
Rotation: 3.0916684, -0.030329077, 2.8545153
