MutagenObjectType: PlacedObject
FormKey: 0008C9:VenpiDebugTools.esm
Base: 23CF65:Starfield.esm
Position: 66.95247, -8.564186, -0.7119751
Rotation: 0, 0, 3.423014
