MutagenObjectType: PlacedObject
FormKey: 0008C3:VenpiDebugTools.esm
Base: 0001F8:Starfield.esm
Position: 75.48086, -61.892967, 0.120651245
