MutagenObjectType: PlacedObject
FormKey: 0008F2:VenpiDebugTools.esm
Base: 029ACF:Starfield.esm
SourcePackIn: 1A07ED:Starfield.esm
Scale: 1.0799999
Position: 53.243385, -34.118027, -10.770461
Rotation: 0.99526006, 1.4100229, 0.9972675
