MutagenObjectType: PlacedObject
FormKey: 0008D1:VenpiDebugTools.esm
Base: 1A8499:Starfield.esm
Position: 37.697292, -57.264496, -1.7740691
Rotation: 0, -0, 1.1686039
