MutagenObjectType: PlacedObject
FormKey: 0008D6:VenpiDebugTools.esm
Base: 1A8493:Starfield.esm
Position: 35.98297, -61.771145, -0.49010828
Rotation: 0.13611682, 0.08139708, 1.5049922
