MutagenObjectType: PlacedObject
FormKey: 0008D5:VenpiDebugTools.esm
Base: 1A8499:Starfield.esm
Position: 66.12811, -57.294914, -0.19397467
Rotation: 0.15395139, 0.037716288, 1.8023503
