MutagenObjectType: PlacedObject
FormKey: 0008CF:VenpiDebugTools.esm
Base: 0001F8:Starfield.esm
Position: 79.86775, -5.362213, 0.29922485
