MutagenObjectType: PlacedObject
FormKey: 000922:VenpiDebugTools.esm
Base: 1F50C6:Starfield.esm
SourcePackIn: 1A8453:Starfield.esm
Position: 65.70084, -39.324966, -1.8587859
Rotation: -2.6990854E-08, -3.981383E-09, 3.8186073
