MutagenObjectType: PlacedObject
FormKey: 00090B:VenpiDebugTools.esm
Base: 02EC7B:Starfield.esm
SourcePackIn: 1A0790:Starfield.esm
Scale: 1.3
Position: 3.4501426, -47.07913, -7.017873
Rotation: 1.9237067, -0.8494959, 5.0145993
