MutagenObjectType: PlacedObject
FormKey: 000957:VenpiDebugTools.esm
Base: 22F87D:Starfield.esm
SourcePackIn: 01ECFE:Starfield.esm
Position: 18.789406, -92.72168, 0.49495906
Rotation: 0.01464576, -0.01464614, 2.3499138
