MutagenObjectType: PlacedObject
FormKey: 00091D:VenpiDebugTools.esm
Base: 1F50C6:Starfield.esm
SourcePackIn: 1A845E:Starfield.esm
Position: 94.39995, -27.350233, -1.858793
Rotation: -8.763371E-09, 2.5839846E-08, 5.2087955
