MutagenObjectType: PlacedObject
FormKey: 00094A:VenpiDebugTools.esm
Base: 028D63:Starfield.esm
SourcePackIn: 01ECFE:Starfield.esm
Scale: 1.26
Position: 15.770696, -90.37745, 0.33868584
Rotation: 0.055580035, -0.0082109785, 2.704078
