MutagenObjectType: PlacedObject
FormKey: 000947:VenpiDebugTools.esm
Base: 00B422:Starfield.esm
SourcePackIn: 01ECFE:Starfield.esm
Scale: 1.26
Position: 20.61312, -73.50868, 0.36431885
Rotation: -0.025719669, -0.06821524, 5.76698
