MutagenObjectType: PlacedObject
FormKey: 000916:VenpiDebugTools.esm
Base: 029B33:Starfield.esm
SourcePackIn: 1A0799:Starfield.esm
Scale: 0.91999996
Position: 66.14725, -19.076147, -9.341262
Rotation: -0.22789505, -0.4231915, 4.8745394
