MutagenObjectType: PlacedObject
FormKey: 000938:VenpiDebugTools.esm
Base: 1F50C6:Starfield.esm
SourcePackIn: 1A8463:Starfield.esm
Position: 29.482767, -57.776287, -1.8587966
Rotation: -2.125532E-08, -1.710681E-08, 3.2874084
