MutagenObjectType: PlacedObject
FormKey: 000925:VenpiDebugTools.esm
Base: 0304A3:Starfield.esm
SourcePackIn: 1A8453:Starfield.esm
Position: 73.22285, -24.124783, -1.9739842
Rotation: 0.07508342, 0.06610139, 0.3379056
