MutagenObjectType: PlacedObject
FormKey: 00091A:VenpiDebugTools.esm
Base: 0304AB:Starfield.esm
Scale: 1.26
Position: 26.609947, -18.301018, -6.767971
Rotation: 2.8780932, 0.19542943, 3.3851116
