MutagenObjectType: PlacedObject
FormKey: 000949:VenpiDebugTools.esm
Base: 021710:Starfield.esm
SourcePackIn: 01ECFE:Starfield.esm
Scale: 1.26
Position: 23.202192, -68.19706, -0.20513916
Rotation: 0.35101447, 0.000638119, 3.1871316
