MutagenObjectType: PlacedObject
FormKey: 000976:VenpiDebugTools.esm
Base: 030497:Starfield.esm
SourcePackIn: 1A8724:Starfield.esm
Position: 4.0855675, -7.1611633, -1.7740693
Rotation: -2.888019, 0.48388186, 4.0914335
