MutagenObjectType: PlacedObject
FormKey: 00093C:VenpiDebugTools.esm
Base: 029AF5:Starfield.esm
SourcePackIn: 01ECFE:Starfield.esm
Scale: 1.26
Position: 38.264206, -68.583984, 0.395035
Rotation: 0.022676814, 0.02301742, 5.4747334
