MutagenObjectType: PlacedObject
FormKey: 000986:VenpiDebugTools.esm
Base: 0304A1:Starfield.esm
SourcePackIn: 1A8724:Starfield.esm
Position: 10.757943, -1.4709835, -1.9736001
Rotation: -0, -0, 5.4962487
