MutagenObjectType: PlacedObject
FormKey: 000980:VenpiDebugTools.esm
Base: 030495:Starfield.esm
SourcePackIn: 1A8724:Starfield.esm
Position: 5.887619, -13.133253, -1.7740693
Rotation: 2.610351, 0.11078562, 2.1983669
