MutagenObjectType: PlacedObject
FormKey: 000948:VenpiDebugTools.esm
Base: 029AD3:Starfield.esm
SourcePackIn: 01ECFE:Starfield.esm
Scale: 1.38
Position: 56.607277, -81.17952, 0.9085388
Rotation: 0.12574896, 0.060179602, 2.4535468
