MutagenObjectType: PlacedObject
FormKey: 000941:VenpiDebugTools.esm
Base: 00B42C:Starfield.esm
SourcePackIn: 01ECFE:Starfield.esm
Scale: 1.26
Position: 44.910328, -71.08138, 0.4465027
Rotation: 0.06813669, 0.0043606358, 1.913726
