MutagenObjectType: PlacedObject
FormKey: 000971:VenpiDebugTools.esm
Base: 00B424:Starfield.esm
SourcePackIn: 01ECEC:Starfield.esm
Scale: 1.13
Position: 20.66861, -5.948228, -4.635934
Rotation: 3.0244021, 0.60433525, 5.492687
