MutagenObjectType: PlacedObject
FormKey: 00097D:VenpiDebugTools.esm
Base: 030497:Starfield.esm
SourcePackIn: 1A8724:Starfield.esm
Position: 36.995956, -33.027554, -1.7740693
Rotation: 2.6010027, -0.03453856, 1.9549344
