MutagenObjectType: PlacedObject
FormKey: 000912:VenpiDebugTools.esm
Base: 02EC79:Starfield.esm
SourcePackIn: 1A0799:Starfield.esm
Scale: 0.91999996
Position: 69.05673, -18.752878, -7.0215807
Rotation: -0.45026836, -4.583327E-06, 3.5622404
