MutagenObjectType: PlacedObject
FormKey: 00096F:VenpiDebugTools.esm
Base: 028D6E:Starfield.esm
SourcePackIn: 01ECEC:Starfield.esm
Scale: 1.3399999
Position: 2.532796, -15.282101, 0.06720024
Rotation: 0.27269992, 0.097137064, 6.240388
