MutagenObjectType: PlacedObject
FormKey: 000953:VenpiDebugTools.esm
Base: 00B42C:Starfield.esm
SourcePackIn: 01ECFE:Starfield.esm
Scale: 1.09
Position: 22.421026, -75.11661, 0.32733154
Rotation: -2.6195939, -0.27774224, 6.043657
