MutagenObjectType: PlacedObject
FormKey: 00095C:VenpiDebugTools.esm
Base: 021713:Starfield.esm
SourcePackIn: 01EC62:Starfield.esm
Scale: 1.2099999
Position: 62.04865, -2.6167185, 0.04974667
Rotation: 0.14860183, -0.014011044, 4.1723127
