MutagenObjectType: PlacedObject
FormKey: 000932:VenpiDebugTools.esm
Base: 021706:Starfield.esm
SourcePackIn: 1A30E7:Starfield.esm
Scale: 1.06
Position: 54.310883, -1.362851, -0.13455889
Rotation: -0.12420876, -0.14025009, 1.6231581
