MutagenObjectType: PlacedObject
FormKey: 00093F:VenpiDebugTools.esm
Base: 00B42B:Starfield.esm
SourcePackIn: 01ECFE:Starfield.esm
Scale: 1.26
Position: 58.024548, -91.011246, 2.8200073
Rotation: 0.023103803, 0.034401905, 1.8810643
