MutagenObjectType: PlacedObject
FormKey: 000918:VenpiDebugTools.esm
Base: 02EC7B:Starfield.esm
SourcePackIn: 1A0799:Starfield.esm
Scale: 1.3
Position: 65.25911, -23.085796, -8.927843
Rotation: 2.4091978, -0.703764, 4.509061
