MutagenObjectType: PlacedObject
FormKey: 000956:VenpiDebugTools.esm
Base: 22F885:Starfield.esm
SourcePackIn: 01ECFE:Starfield.esm
Position: 50.19109, -69.22461, 0.22018804
Rotation: 0.029285032, -0.014641301, 3.9498193
