MutagenObjectType: PlacedObject
FormKey: 000952:VenpiDebugTools.esm
Base: 021710:Starfield.esm
SourcePackIn: 01ECFE:Starfield.esm
Scale: 0.98999995
Position: 41.909798, -68.6923, 0.5243448
Rotation: 0.04451597, -0.14911813, 3.9644442
