MutagenObjectType: PlacedObject
FormKey: 000919:VenpiDebugTools.esm
Base: 029ACD:Starfield.esm
SourcePackIn: 1A0799:Starfield.esm
Scale: 0.91999996
Position: 71.26967, -18.963911, -7.483075
Rotation: -1.6172246, -1.1303382, 5.9373875
