MutagenObjectType: PlacedObject
FormKey: 000962:VenpiDebugTools.esm
Base: 021710:Starfield.esm
SourcePackIn: 01EC62:Starfield.esm
Scale: 1.02
Position: 35.666832, -12.287742, -9.482362
Rotation: -0.3121249, 0.12816444, 2.1169481
