MutagenObjectType: PlacedObject
FormKey: 000982:VenpiDebugTools.esm
Base: 03048F:Starfield.esm
SourcePackIn: 1A8724:Starfield.esm
Scale: 1.13
Position: 20.375433, -31.742958, -2.3645065
Rotation: -0, -0, 3.2794144
