MutagenObjectType: PlacedObject
FormKey: 000979:VenpiDebugTools.esm
Base: 030491:Starfield.esm
SourcePackIn: 1A8724:Starfield.esm
Position: 46.32894, -3.707715, -1.9553864
Rotation: 1.6000394, -0.05462539, 3.1399956
