MutagenObjectType: PlacedObject
FormKey: 00090C:VenpiDebugTools.esm
Base: 02EC79:Starfield.esm
SourcePackIn: 1A0790:Starfield.esm
Scale: 1.17
Position: 6.326399, -47.383656, -7.2958817
Rotation: -0.25500572, 0.29529822, 5.4575677
