MutagenObjectType: PlacedObject
FormKey: 00097B:VenpiDebugTools.esm
Base: 0304A3:Starfield.esm
SourcePackIn: 1A8724:Starfield.esm
Position: 46.718834, -14.119515, -1.9736001
Rotation: -0, -0, 3.6794164
