MutagenObjectType: PlacedObject
FormKey: 000943:VenpiDebugTools.esm
Base: 00B423:Starfield.esm
SourcePackIn: 01ECFE:Starfield.esm
Scale: 1.26
Position: 13.706923, -87.211426, 0.7071052
Rotation: -0.018340888, -0.08370703, 5.3497615
