MutagenObjectType: PlacedObject
FormKey: 000939:VenpiDebugTools.esm
Base: 0304A1:Starfield.esm
SourcePackIn: 1A8463:Starfield.esm
Position: 14.829384, -58.64596, -1.8567685
Rotation: -0.011293232, 0.027995605, 0.4872605
