MutagenObjectType: PlacedObject
FormKey: 000917:VenpiDebugTools.esm
Base: 02EC77:Starfield.esm
SourcePackIn: 1A0799:Starfield.esm
Scale: 0.91999996
Position: 71.6885, -20.401253, -7.8853393
Rotation: -2.7810845, -0.48889333, 2.7402387
