MutagenObjectType: PlacedObject
FormKey: 000910:VenpiDebugTools.esm
Base: 02EC7B:Starfield.esm
SourcePackIn: 19F913:Starfield.esm
Scale: 1.3
Position: 57.39888, -47.75932, -5.2978563
Rotation: -0.237508, -0.9771096, 3.110497
