MutagenObjectType: PlacedObject
FormKey: 00086A:VenpiDebugTools.esm
Base: 00B423:Starfield.esm
SourcePackIn: 01ECEC:Starfield.esm
Scale: 1.1899999
Position: -3.535986, -14.456354, -0.13005823
Rotation: -2.9652698, -0.2958187, 4.3665786
